                                 s [cm2]
  l [nm]  lvacuum [nm] n [cm-1]   180 K     200 K     210 K     220 K     230 K     240 K     250 K     260 K     270 K     280 K     290 K     300 K
  329.68     329.78    30323.4  4.431E-24 1.533E-23 2.598E-23 4.197E-23 6.480E-23 9.634E-23 1.386E-22 1.936E-22 2.637E-22 3.512E-22 4.584E-22 5.878E-22
  329.32     329.41    30357.0  5.266E-25 1.982E-24 3.550E-24 6.061E-24 9.861E-24 1.547E-23 2.357E-23 3.497E-23 5.070E-23 7.195E-23 1.002E-22 1.370E-22
  328.95     329.05    30390.6  8.378E-25 2.992E-24 5.391E-24 9.021E-24 1.453E-23 2.265E-23 3.434E-23 5.079E-23 7.344E-23 1.040E-22 1.444E-22 1.971E-22
  328.59     328.69    30424.2  2.184E-24 6.990E-24 1.193E-23 1.919E-23 2.982E-23 4.502E-23 6.625E-23 9.532E-23 1.343E-22 1.857E-22 2.522E-22 3.371E-22
  328.23     328.32    30457.9  5.690E-24 1.641E-23 2.628E-23 4.032E-23 5.993E-23 8.668E-23 1.225E-22 1.694E-22 2.300E-22 3.069E-22 4.031E-22 5.220E-22
  327.86     327.96    30491.6  1.462E-23 3.795E-23 5.743E-23 8.397E-23 1.192E-22 1.652E-22 2.238E-22 2.974E-22 3.885E-22 4.996E-22 6.337E-22 7.935E-22
  327.50     327.60    30525.3  3.670E-23 8.430E-23 1.203E-22 1.661E-22 2.232E-22 2.929E-22 3.766E-22 4.756E-22 5.916E-22 7.260E-22 8.805E-22 1.057E-21
  327.14     327.23    30559.1  9.414E-23 1.950E-22 2.653E-22 3.505E-22 4.512E-22 5.681E-22 7.016E-22 8.523E-22 1.021E-21 1.207E-21 1.412E-21 1.636E-21
  326.78     326.87    30592.9  2.302E-22 4.368E-22 5.724E-22 7.304E-22 9.110E-22 1.114E-21 1.339E-21 1.586E-21 1.856E-21 2.147E-21 2.461E-21 2.798E-21
  326.42     326.51    30626.8  2.642E-22 4.781E-22 6.143E-22 7.701E-22 9.459E-22 1.141E-21 1.357E-21 1.592E-21 1.849E-21 2.128E-21 2.431E-21 2.760E-21
  326.06     326.15    30660.7  5.947E-23 1.086E-22 1.416E-22 1.816E-22 2.303E-22 2.893E-22 3.611E-22 4.484E-22 5.543E-22 6.827E-22 8.376E-22 1.023E-21
  325.70     325.79    30694.6  6.314E-24 1.927E-23 3.237E-23 5.275E-23 8.327E-23 1.274E-22 1.892E-22 2.733E-22 3.848E-22 5.291E-22 7.119E-22 9.393E-22
  325.34     325.43    30728.6  9.468E-24 3.387E-23 5.877E-23 9.712E-23 1.537E-22 2.339E-22 3.442E-22 4.911E-22 6.821E-22 9.246E-22 1.226E-21 1.595E-21
  324.98     325.07    30762.6  2.184E-23 7.263E-23 1.218E-22 1.949E-22 2.993E-22 4.432E-22 6.354E-22 8.855E-22 1.203E-21 1.597E-21 2.078E-21 2.654E-21
  324.62     324.71    30796.7  3.263E-23 9.568E-23 1.525E-22 2.336E-22 3.451E-22 4.941E-22 6.878E-22 9.338E-22 1.239E-21 1.612E-21 2.059E-21 2.587E-21
  324.26     324.35    30830.8  2.699E-23 6.708E-23 9.948E-23 1.427E-22 1.988E-22 2.701E-22 3.591E-22 4.683E-22 6.004E-22 7.583E-22 9.448E-22 1.163E-21
  323.90     323.99    30864.9  9.409E-24 2.460E-23 3.769E-23 5.588E-23 8.067E-23 1.138E-22 1.573E-22 2.135E-22 2.851E-22 3.750E-22 4.864E-22 6.230E-22
  323.54     323.63    30899.0  6.044E-24 1.960E-23 3.274E-23 5.217E-23 8.001E-23 1.188E-22 1.713E-22 2.409E-22 3.311E-22 4.460E-22 5.899E-22 7.674E-22
  323.18     323.28    30933.2  1.462E-23 4.374E-23 7.023E-23 1.081E-22 1.606E-22 2.312E-22 3.240E-22 4.432E-22 5.935E-22 7.797E-22 1.007E-21 1.281E-21
  322.83     322.92    30967.5  3.704E-23 1.011E-22 1.557E-22 2.308E-22 3.312E-22 4.618E-22 6.281E-22 8.356E-22 1.090E-21 1.398E-21 1.765E-21 2.197E-21
  322.47     322.56    31001.7  9.255E-23 2.273E-22 3.335E-22 4.724E-22 6.491E-22 8.686E-22 1.136E-21 1.456E-21 1.833E-21 2.272E-21 2.777E-21 3.352E-21
  322.11     322.21    31036.1  2.337E-22 5.184E-22 7.268E-22 9.862E-22 1.301E-21 1.674E-21 2.108E-21 2.606E-21 3.168E-21 3.797E-21 4.491E-21 5.252E-21
  321.76     321.85    31070.4  5.904E-22 1.196E-21 1.613E-21 2.111E-21 2.694E-21 3.362E-21 4.117E-21 4.957E-21 5.880E-21 6.885E-21 7.970E-21 9.132E-21
  321.40     321.49    31104.8  1.347E-21 2.516E-21 3.274E-21 4.150E-21 5.143E-21 6.248E-21 7.461E-21 8.777E-21 1.019E-20 1.170E-20 1.329E-20 1.497E-20
  321.05     321.14    31139.2  1.192E-21 2.147E-21 2.752E-21 3.441E-21 4.214E-21 5.068E-21 6.001E-21 7.011E-21 8.097E-21 9.257E-21 1.049E-20 1.180E-20
  320.69     320.78    31173.7  1.833E-22 3.416E-22 4.503E-22 5.835E-22 7.459E-22 9.429E-22 1.181E-21 1.467E-21 1.808E-21 2.214E-21 2.692E-21 3.252E-21
  320.34     320.43    31208.2  6.393E-23 1.466E-22 2.169E-22 3.155E-22 4.509E-22 6.328E-22 8.717E-22 1.179E-21 1.567E-21 2.048E-21 2.635E-21 3.338E-21
  319.98     320.07    31242.7  1.377E-22 2.928E-22 4.196E-22 5.930E-22 8.253E-22 1.130E-21 1.522E-21 2.015E-21 2.625E-21 3.368E-21 4.256E-21 5.305E-21
  319.63     319.72    31277.3  3.123E-22 5.535E-22 7.280E-22 9.501E-22 1.230E-21 1.577E-21 2.002E-21 2.518E-21 3.133E-21 3.858E-21 4.703E-21 5.677E-21
  319.27     319.37    31311.9  7.512E-22 1.133E-21 1.376E-21 1.661E-21 1.991E-21 2.374E-21 2.813E-21 3.314E-21 3.881E-21 4.518E-21 5.230E-21 6.020E-21
  318.92     319.01    31346.6  1.743E-21 2.224E-21 2.491E-21 2.782E-21 3.100E-21 3.451E-21 3.840E-21 4.272E-21 4.751E-21 5.285E-21 5.877E-21 6.533E-21
  318.57     318.66    31381.3  4.312E-21 4.789E-21 5.009E-21 5.223E-21 5.439E-21 5.664E-21 5.905E-21 6.171E-21 6.470E-21 6.811E-21 7.203E-21 7.654E-21
  318.22     318.31    31416.0  1.098E-20 1.111E-20 1.116E-20 1.120E-20 1.126E-20 1.134E-20 1.147E-20 1.164E-20 1.187E-20 1.218E-20 1.257E-20 1.305E-20
  317.87     317.96    31450.8  2.079E-20 1.963E-20 1.914E-20 1.872E-20 1.839E-20 1.815E-20 1.802E-20 1.800E-20 1.811E-20 1.835E-20 1.874E-20 1.929E-20
  317.51     317.61    31485.6  1.192E-20 1.121E-20 1.101E-20 1.092E-20 1.096E-20 1.113E-20 1.144E-20 1.190E-20 1.250E-20 1.326E-20 1.418E-20 1.527E-20
  317.16     317.25    31520.4  1.384E-21 2.085E-21 2.614E-21 3.281E-21 4.095E-21 5.064E-21 6.194E-21 7.489E-21 8.951E-21 1.058E-20 1.237E-20 1.433E-20
  316.81     316.90    31555.3  1.690E-21 3.301E-21 4.406E-21 5.726E-21 7.268E-21 9.035E-21 1.103E-20 1.324E-20 1.567E-20 1.830E-20 2.113E-20 2.416E-20
  316.46     316.55    31590.2  3.796E-21 6.946E-21 8.980E-21 1.133E-20 1.398E-20 1.693E-20 2.016E-20 2.366E-20 2.741E-20 3.139E-20 3.558E-20 3.997E-20
  316.11     316.20    31625.2  4.455E-21 7.532E-21 9.443E-21 1.160E-20 1.399E-20 1.661E-20 1.944E-20 2.248E-20 2.571E-20 2.911E-20 3.269E-20 3.642E-20
  315.76     315.85    31660.2  2.541E-21 3.540E-21 4.127E-21 4.780E-21 5.507E-21 6.315E-21 7.214E-21 8.215E-21 9.328E-21 1.057E-20 1.194E-20 1.346E-20
  315.41     315.50    31695.2  1.180E-21 1.613E-21 1.895E-21 2.237E-21 2.656E-21 3.168E-21 3.790E-21 4.541E-21 5.441E-21 6.506E-21 7.755E-21 9.205E-21
  315.06     315.16    31730.3  5.855E-22 1.047E-21 1.372E-21 1.777E-21 2.274E-21 2.880E-21 3.609E-21 4.476E-21 5.497E-21 6.686E-21 8.056E-21 9.619E-21
  314.72     314.81    31765.4  1.298E-21 2.121E-21 2.648E-21 3.265E-21 3.980E-21 4.802E-21 5.741E-21 6.805E-21 8.002E-21 9.339E-21 1.082E-20 1.246E-20
  314.37     314.46    31800.6  3.237E-21 4.774E-21 5.696E-21 6.731E-21 7.888E-21 9.177E-21 1.061E-20 1.218E-20 1.391E-20 1.580E-20 1.785E-20 2.007E-20
  314.02     314.11    31835.8  7.702E-21 9.903E-21 1.107E-20 1.229E-20 1.356E-20 1.491E-20 1.633E-20 1.784E-20 1.945E-20 2.116E-20 2.299E-20 2.494E-20
  313.67     313.76    31871.0  1.914E-20 2.189E-20 2.315E-20 2.435E-20 2.550E-20 2.662E-20 2.774E-20 2.887E-20 3.003E-20 3.123E-20 3.251E-20 3.388E-20
  313.33     313.42    31906.3  4.850E-20 5.063E-20 5.145E-20 5.216E-20 5.280E-20 5.342E-20 5.404E-20 5.470E-20 5.543E-20 5.626E-20 5.721E-20 5.831E-20
  312.98     313.07    31941.6  1.121E-19 1.078E-19 1.057E-19 1.037E-19 1.019E-19 1.003E-19 9.892E-20 9.778E-20 9.689E-20 9.628E-20 9.596E-20 9.594E-20
  312.63     312.73    31977.0  1.070E-19 9.958E-20 9.647E-20 9.380E-20 9.157E-20 8.980E-20 8.847E-20 8.760E-20 8.717E-20 8.717E-20 8.759E-20 8.843E-20
  312.29     312.38    32012.3  2.120E-20 2.174E-20 2.260E-20 2.387E-20 2.556E-20 2.769E-20 3.025E-20 3.323E-20 3.663E-20 4.042E-20 4.460E-20 4.914E-20
  311.94     312.03    32047.8  6.535E-21 1.131E-20 1.448E-20 1.818E-20 2.242E-20 2.719E-20 3.247E-20 3.824E-20 4.446E-20 5.112E-20 5.817E-20 6.558E-20
  311.60     311.69    32083.2  9.968E-21 1.726E-20 2.182E-20 2.699E-20 3.275E-20 3.905E-20 4.587E-20 5.316E-20 6.089E-20 6.901E-20 7.748E-20 8.626E-20
  311.25     311.34    32118.8  9.302E-21 1.412E-20 1.696E-20 2.007E-20 2.346E-20 2.710E-20 3.100E-20 3.514E-20 3.951E-20 4.411E-20 4.893E-20 5.397E-20
  310.91     311.00    32154.3  1.154E-20 1.448E-20 1.600E-20 1.756E-20 1.917E-20 2.086E-20 2.264E-20 2.452E-20 2.654E-20 2.870E-20 3.104E-20 3.356E-20
  310.57     310.66    32189.9  8.628E-21 1.081E-20 1.198E-20 1.322E-20 1.455E-20 1.598E-20 1.753E-20 1.922E-20 2.106E-20 2.307E-20 2.526E-20 2.765E-20
  310.22     310.31    32225.5  3.114E-21 4.871E-21 5.975E-21 7.246E-21 8.698E-21 1.034E-20 1.220E-20 1.427E-20 1.657E-20 1.910E-20 2.188E-20 2.490E-20
  309.88     309.97    32261.2  5.946E-21 9.141E-21 1.107E-20 1.324E-20 1.566E-20 1.834E-20 2.129E-20 2.452E-20 2.804E-20 3.186E-20 3.597E-20 4.038E-20
  309.54     309.63    32296.9  1.405E-20 1.925E-20 2.210E-20 2.513E-20 2.834E-20 3.175E-20 3.535E-20 3.916E-20 4.318E-20 4.743E-20 5.191E-20 5.663E-20
  309.20     309.29    32332.6  3.401E-20 4.148E-20 4.510E-20 4.865E-20 5.214E-20 5.559E-20 5.901E-20 6.242E-20 6.587E-20 6.935E-20 7.291E-20 7.657E-20
  308.85     308.94    32368.4  8.495E-20 9.441E-20 9.854E-20 1.023E-19 1.059E-19 1.092E-19 1.123E-19 1.153E-19 1.183E-19 1.212E-19 1.242E-19 1.273E-19
  308.51     308.60    32404.2  2.096E-19 2.134E-19 2.145E-19 2.152E-19 2.156E-19 2.159E-19 2.162E-19 2.165E-19 2.169E-19 2.174E-19 2.182E-19 2.192E-19
  308.17     308.26    32440.1  4.258E-19 4.032E-19 3.928E-19 3.830E-19 3.740E-19 3.658E-19 3.584E-19 3.519E-19 3.462E-19 3.413E-19 3.373E-19 3.341E-19
  307.83     307.92    32476.0  3.008E-19 2.793E-19 2.706E-19 2.632E-19 2.572E-19 2.525E-19 2.490E-19 2.467E-19 2.455E-19 2.454E-19 2.462E-19 2.481E-19
  307.49     307.58    32511.9  3.994E-20 4.590E-20 5.038E-20 5.587E-20 6.234E-20 6.976E-20 7.808E-20 8.725E-20 9.721E-20 1.079E-19 1.192E-19 1.311E-19
  307.15     307.24    32547.9  1.742E-20 2.835E-20 3.518E-20 4.289E-20 5.144E-20 6.079E-20 7.087E-20 8.162E-20 9.299E-20 1.049E-19 1.173E-19 1.301E-19
  306.81     306.90    32584.0  1.523E-20 2.259E-20 2.683E-20 3.141E-20 3.632E-20 4.154E-20 4.705E-20 5.283E-20 5.886E-20 6.514E-20 7.165E-20 7.839E-20
  306.47     306.56    32620.0  2.681E-20 3.463E-20 3.862E-20 4.266E-20 4.675E-20 5.088E-20 5.506E-20 5.931E-20 6.363E-20 6.805E-20 7.257E-20 7.721E-20
  306.13     306.22    32656.1  3.863E-20 4.764E-20 5.214E-20 5.664E-20 6.116E-20 6.572E-20 7.033E-20 7.503E-20 7.984E-20 8.477E-20 8.985E-20 9.509E-20
  305.79     305.88    32692.3  2.077E-20 2.706E-20 3.054E-20 3.428E-20 3.828E-20 4.257E-20 4.717E-20 5.209E-20 5.735E-20 6.295E-20 6.891E-20 7.523E-20
  305.46     305.54    32728.4  1.487E-20 2.222E-20 2.653E-20 3.128E-20 3.647E-20 4.210E-20 4.820E-20 5.475E-20 6.175E-20 6.922E-20 7.713E-20 8.549E-20
  305.12     305.21    32764.7  3.302E-20 4.456E-20 5.071E-20 5.708E-20 6.368E-20 7.048E-20 7.751E-20 8.475E-20 9.221E-20 9.991E-20 1.078E-19 1.160E-19
  304.78     304.87    32800.9  7.948E-20 9.688E-20 1.052E-19 1.133E-19 1.212E-19 1.289E-19 1.363E-19 1.436E-19 1.508E-19 1.579E-19 1.649E-19 1.719E-19
  304.44     304.53    32837.2  1.952E-19 2.178E-19 2.277E-19 2.368E-19 2.452E-19 2.530E-19 2.604E-19 2.673E-19 2.740E-19 2.804E-19 2.867E-19 2.929E-19
  304.11     304.20    32873.6  4.730E-19 4.845E-19 4.881E-19 4.908E-19 4.927E-19 4.941E-19 4.953E-19 4.963E-19 4.972E-19 4.983E-19 4.996E-19 5.011E-19
  303.77     303.86    32910.0  9.873E-19 9.392E-19 9.167E-19 8.953E-19 8.754E-19 8.570E-19 8.400E-19 8.247E-19 8.109E-19 7.986E-19 7.878E-19 7.785E-19
  303.44     303.52    32946.4  7.790E-19 7.241E-19 7.013E-19 6.814E-19 6.644E-19 6.500E-19 6.382E-19 6.287E-19 6.215E-19 6.163E-19 6.130E-19 6.114E-19
  303.10     303.19    32982.8  1.218E-19 1.264E-19 1.311E-19 1.375E-19 1.453E-19 1.545E-19 1.650E-19 1.767E-19 1.894E-19 2.031E-19 2.176E-19 2.328E-19
  302.76     302.85    33019.3  2.476E-20 3.505E-20 4.127E-20 4.817E-20 5.569E-20 6.380E-20 7.244E-20 8.157E-20 9.113E-20 1.011E-19 1.114E-19 1.220E-19
  302.43     302.52    33055.9  3.001E-20 4.155E-20 4.781E-20 5.436E-20 6.115E-20 6.817E-20 7.540E-20 8.283E-20 9.044E-20 9.824E-20 1.062E-19 1.144E-19
  302.10     302.18    33092.5  6.754E-20 8.690E-20 9.675E-20 1.066E-19 1.166E-19 1.265E-19 1.365E-19 1.465E-19 1.565E-19 1.666E-19 1.768E-19 1.870E-19
  301.76     301.85    33129.1  9.428E-20 1.167E-19 1.279E-19 1.391E-19 1.502E-19 1.614E-19 1.726E-19 1.838E-19 1.951E-19 2.065E-19 2.181E-19 2.298E-19
  301.43     301.52    33165.8  5.450E-20 7.105E-20 7.997E-20 8.934E-20 9.915E-20 1.094E-19 1.201E-19 1.313E-19 1.429E-19 1.550E-19 1.675E-19 1.805E-19
  301.09     301.18    33202.5  4.822E-20 6.652E-20 7.639E-20 8.668E-20 9.736E-20 1.084E-19 1.197E-19 1.314E-19 1.434E-19 1.557E-19 1.682E-19 1.810E-19
  300.76     300.85    33239.2  1.098E-19 1.383E-19 1.523E-19 1.661E-19 1.797E-19 1.931E-19 2.062E-19 2.191E-19 2.318E-19 2.442E-19 2.565E-19 2.687E-19
  300.43     300.52    33276.0  2.639E-19 3.048E-19 3.235E-19 3.410E-19 3.575E-19 3.730E-19 3.878E-19 4.018E-19 4.152E-19 4.282E-19 4.406E-19 4.528E-19
  300.10     300.18    33312.8  6.321E-19 6.706E-19 6.861E-19 6.994E-19 7.112E-19 7.215E-19 7.308E-19 7.392E-19 7.471E-19 7.544E-19 7.615E-19 7.683E-19
  299.77     299.85    33349.7  1.445E-18 1.415E-18 1.398E-18 1.381E-18 1.364E-18 1.348E-18 1.332E-18 1.317E-18 1.303E-18 1.290E-18 1.279E-18 1.268E-18
  299.43     299.52    33386.6  1.876E-18 1.754E-18 1.700E-18 1.650E-18 1.604E-18 1.563E-18 1.526E-18 1.493E-18 1.464E-18 1.437E-18 1.414E-18 1.394E-18
  299.10     299.19    33423.6  7.470E-19 6.907E-19 6.682E-19 6.492E-19 6.333E-19 6.205E-19 6.103E-19 6.026E-19 5.972E-19 5.938E-19 5.922E-19 5.923E-19
  298.77     298.86    33460.6  6.011E-20 6.769E-20 7.272E-20 7.852E-20 8.505E-20 9.226E-20 1.001E-19 1.085E-19 1.175E-19 1.270E-19 1.370E-19 1.474E-19
  298.44     298.53    33497.6  4.794E-20 6.657E-20 7.690E-20 8.782E-20 9.927E-20 1.112E-19 1.235E-19 1.362E-19 1.492E-19 1.626E-19 1.762E-19 1.901E-19
  298.11     298.20    33534.7  1.028E-19 1.359E-19 1.531E-19 1.706E-19 1.883E-19 2.062E-19 2.242E-19 2.422E-19 2.603E-19 2.785E-19 2.966E-19 3.148E-19
  297.78     297.87    33571.8  1.907E-19 2.377E-19 2.611E-19 2.842E-19 3.071E-19 3.297E-19 3.521E-19 3.742E-19 3.960E-19 4.176E-19 4.390E-19 4.603E-19
  297.45     297.54    33608.9  1.520E-19 1.910E-19 2.107E-19 2.306E-19 2.505E-19 2.704E-19 2.903E-19 3.102E-19 3.301E-19 3.500E-19 3.699E-19 3.898E-19
  297.12     297.21    33646.1  1.072E-19 1.419E-19 1.598E-19 1.779E-19 1.962E-19 2.145E-19 2.328E-19 2.512E-19 2.694E-19 2.876E-19 3.057E-19 3.237E-19
  296.80     296.88    33683.4  2.282E-19 2.807E-19 3.060E-19 3.307E-19 3.546E-19 3.778E-19 4.003E-19 4.221E-19 4.432E-19 4.637E-19 4.836E-19 5.030E-19
  296.47     296.55    33720.7  5.360E-19 6.064E-19 6.379E-19 6.670E-19 6.940E-19 7.192E-19 7.428E-19 7.649E-19 7.857E-19 8.054E-19 8.241E-19 8.420E-19
  296.14     296.23    33758.0  1.252E-18 1.304E-18 1.324E-18 1.340E-18 1.353E-18 1.364E-18 1.374E-18 1.382E-18 1.389E-18 1.395E-18 1.401E-18 1.406E-18
  295.81     295.90    33795.3  2.708E-18 2.612E-18 2.563E-18 2.516E-18 2.470E-18 2.426E-18 2.384E-18 2.344E-18 2.307E-18 2.271E-18 2.239E-18 2.208E-18
  295.49     295.57    33832.7  2.792E-18 2.585E-18 2.492E-18 2.405E-18 2.325E-18 2.251E-18 2.182E-18 2.119E-18 2.060E-18 2.007E-18 1.957E-18 1.912E-18
  295.16     295.24    33870.2  7.864E-19 7.223E-19 6.959E-19 6.729E-19 6.531E-19 6.361E-19 6.218E-19 6.099E-19 6.002E-19 5.927E-19 5.870E-19 5.831E-19
  294.83     294.92    33907.7  8.468E-20 1.026E-19 1.134E-19 1.254E-19 1.384E-19 1.524E-19 1.672E-19 1.828E-19 1.992E-19 2.161E-19 2.337E-19 2.517E-19
  294.51     294.59    33945.2  1.029E-19 1.420E-19 1.633E-19 1.855E-19 2.085E-19 2.321E-19 2.562E-19 2.807E-19 3.056E-19 3.308E-19 3.561E-19 3.815E-19
  294.18     294.27    33982.8  2.213E-19 2.875E-19 3.214E-19 3.553E-19 3.893E-19 4.232E-19 4.568E-19 4.901E-19 5.231E-19 5.556E-19 5.877E-19 6.194E-19
  293.86     293.94    34020.4  3.289E-19 4.092E-19 4.485E-19 4.871E-19 5.249E-19 5.616E-19 5.974E-19 6.321E-19 6.658E-19 6.986E-19 7.303E-19 7.610E-19
  293.53     293.62    34058.0  2.576E-19 3.240E-19 3.569E-19 3.893E-19 4.211E-19 4.523E-19 4.826E-19 5.122E-19 5.410E-19 5.689E-19 5.961E-19 6.225E-19
  293.21     293.29    34095.7  3.143E-19 3.889E-19 4.252E-19 4.606E-19 4.950E-19 5.283E-19 5.606E-19 5.918E-19 6.219E-19 6.511E-19 6.794E-19 7.067E-19
  292.88     292.97    34133.5  7.070E-19 8.077E-19 8.531E-19 8.954E-19 9.349E-19 9.718E-19 1.006E-18 1.039E-18 1.069E-18 1.098E-18 1.125E-18 1.150E-18
  292.56     292.64    34171.2  1.615E-18 1.700E-18 1.733E-18 1.761E-18 1.785E-18 1.805E-18 1.822E-18 1.836E-18 1.848E-18 1.859E-18 1.868E-18 1.877E-18
  292.23     292.32    34209.1  3.502E-18 3.402E-18 3.347E-18 3.291E-18 3.235E-18 3.178E-18 3.123E-18 3.069E-18 3.016E-18 2.965E-18 2.916E-18 2.868E-18
  291.91     292.00    34246.9  4.293E-18 3.979E-18 3.835E-18 3.699E-18 3.571E-18 3.451E-18 3.338E-18 3.233E-18 3.134E-18 3.042E-18 2.956E-18 2.875E-18
  291.59     291.67    34284.8  1.723E-18 1.575E-18 1.512E-18 1.456E-18 1.406E-18 1.362E-18 1.322E-18 1.288E-18 1.257E-18 1.231E-18 1.208E-18 1.189E-18
  291.27     291.35    34322.8  1.639E-19 1.880E-19 2.031E-19 2.201E-19 2.388E-19 2.590E-19 2.805E-19 3.032E-19 3.270E-19 3.516E-19 3.770E-19 4.031E-19
  290.94     291.03    34360.8  1.556E-19 2.146E-19 2.468E-19 2.803E-19 3.150E-19 3.505E-19 3.867E-19 4.234E-19 4.605E-19 4.976E-19 5.349E-19 5.720E-19
  290.62     290.71    34398.8  3.221E-19 4.206E-19 4.708E-19 5.209E-19 5.707E-19 6.200E-19 6.685E-19 7.161E-19 7.626E-19 8.080E-19 8.522E-19 8.951E-19
  290.30     290.39    34436.9  5.198E-19 6.464E-19 7.078E-19 7.675E-19 8.251E-19 8.806E-19 9.337E-19 9.846E-19 1.033E-18 1.079E-18 1.123E-18 1.165E-18
  289.98     290.07    34475.0  4.886E-19 6.032E-19 6.584E-19 7.119E-19 7.635E-19 8.131E-19 8.607E-19 9.062E-19 9.496E-19 9.911E-19 1.031E-18 1.068E-18
  289.66     289.74    34513.1  6.500E-19 7.705E-19 8.268E-19 8.804E-19 9.313E-19 9.795E-19 1.025E-18 1.068E-18 1.109E-18 1.148E-18 1.185E-18 1.220E-18
  289.34     289.42    34551.3  1.420E-18 1.550E-18 1.605E-18 1.653E-18 1.696E-18 1.734E-18 1.768E-18 1.798E-18 1.824E-18 1.848E-18 1.869E-18 1.888E-18
  289.02     289.10    34589.6  3.124E-18 3.144E-18 3.140E-18 3.130E-18 3.114E-18 3.094E-18 3.070E-18 3.044E-18 3.016E-18 2.987E-18 2.958E-18 2.927E-18
  288.70     288.78    34627.8  5.843E-18 5.504E-18 5.342E-18 5.185E-18 5.035E-18 4.891E-18 4.753E-18 4.623E-18 4.498E-18 4.380E-18 4.268E-18 4.162E-18
  288.38     288.47    34666.2  4.369E-18 4.011E-18 3.852E-18 3.705E-18 3.570E-18 3.446E-18 3.331E-18 3.225E-18 3.128E-18 3.039E-18 2.957E-18 2.882E-18
  288.06     288.15    34704.5  7.222E-19 6.958E-19 6.897E-19 6.878E-19 6.897E-19 6.951E-19 7.035E-19 7.147E-19 7.283E-19 7.441E-19 7.617E-19 7.809E-19
  287.74     287.83    34742.9  1.958E-19 2.602E-19 2.963E-19 3.344E-19 3.741E-19 4.152E-19 4.574E-19 5.002E-19 5.436E-19 5.871E-19 6.308E-19 6.743E-19
  287.43     287.51    34781.4  3.373E-19 4.517E-19 5.109E-19 5.708E-19 6.307E-19 6.902E-19 7.491E-19 8.070E-19 8.637E-19 9.190E-19 9.729E-19 1.025E-18
  287.11     287.19    34819.9  6.708E-19 8.438E-19 9.283E-19 1.010E-18 1.090E-18 1.166E-18 1.240E-18 1.310E-18 1.376E-18 1.439E-18 1.499E-18 1.556E-18
  286.79     286.87    34858.4  8.153E-19 9.955E-19 1.081E-18 1.163E-18 1.240E-18 1.314E-18 1.384E-18 1.450E-18 1.511E-18 1.570E-18 1.624E-18 1.675E-18
  286.47     286.56    34897.0  9.696E-19 1.128E-18 1.199E-18 1.266E-18 1.328E-18 1.385E-18 1.438E-18 1.488E-18 1.533E-18 1.575E-18 1.613E-18 1.649E-18
  286.16     286.24    34935.6  1.939E-18 2.081E-18 2.138E-18 2.185E-18 2.225E-18 2.259E-18 2.286E-18 2.308E-18 2.326E-18 2.341E-18 2.352E-18 2.360E-18
  285.84     285.92    34974.3  4.168E-18 4.149E-18 4.125E-18 4.093E-18 4.055E-18 4.013E-18 3.968E-18 3.921E-18 3.873E-18 3.824E-18 3.775E-18 3.726E-18
  285.52     285.61    35013.0  7.202E-18 6.753E-18 6.542E-18 6.341E-18 6.149E-18 5.966E-18 5.793E-18 5.630E-18 5.475E-18 5.330E-18 5.192E-18 5.062E-18
  285.21     285.29    35051.8  4.868E-18 4.470E-18 4.295E-18 4.135E-18 3.989E-18 3.856E-18 3.734E-18 3.623E-18 3.522E-18 3.430E-18 3.346E-18 3.269E-18
  284.89     284.98    35090.5  7.172E-19 7.191E-19 7.277E-19 7.408E-19 7.578E-19 7.781E-19 8.013E-19 8.269E-19 8.546E-19 8.840E-19 9.146E-19 9.463E-19
  284.58     284.66    35129.4  2.993E-19 4.002E-19 4.547E-19 5.110E-19 5.686E-19 6.270E-19 6.857E-19 7.443E-19 8.024E-19 8.598E-19 9.164E-19 9.717E-19
  284.26     284.35    35168.3  5.505E-19 7.212E-19 8.074E-19 8.930E-19 9.773E-19 1.060E-18 1.140E-18 1.218E-18 1.293E-18 1.366E-18 1.435E-18 1.501E-18
  283.95     284.03    35207.2  1.029E-18 1.268E-18 1.381E-18 1.489E-18 1.592E-18 1.689E-18 1.781E-18 1.867E-18 1.948E-18 2.023E-18 2.093E-18 2.158E-18
  283.64     283.72    35246.2  1.309E-18 1.536E-18 1.638E-18 1.733E-18 1.821E-18 1.901E-18 1.974E-18 2.042E-18 2.103E-18 2.158E-18 2.208E-18 2.254E-18
  283.32     283.41    35285.2  1.947E-18 2.123E-18 2.195E-18 2.258E-18 2.312E-18 2.358E-18 2.398E-18 2.433E-18 2.462E-18 2.486E-18 2.507E-18 2.524E-18
  283.01     283.09    35324.2  4.017E-18 4.064E-18 4.068E-18 4.063E-18 4.050E-18 4.031E-18 4.008E-18 3.980E-18 3.950E-18 3.918E-18 3.885E-18 3.850E-18
  282.70     282.78    35363.3  7.628E-18 7.232E-18 7.040E-18 6.854E-18 6.675E-18 6.503E-18 6.339E-18 6.182E-18 6.032E-18 5.890E-18 5.756E-18 5.628E-18
  282.38     282.47    35402.5  6.565E-18 6.060E-18 5.835E-18 5.628E-18 5.436E-18 5.260E-18 5.098E-18 4.948E-18 4.810E-18 4.683E-18 4.565E-18 4.457E-18
  282.07     282.15    35441.6  1.643E-18 1.570E-18 1.547E-18 1.531E-18 1.522E-18 1.519E-18 1.520E-18 1.526E-18 1.536E-18 1.548E-18 1.563E-18 1.580E-18
  281.76     281.84    35480.9  4.165E-19 5.359E-19 5.999E-19 6.659E-19 7.330E-19 8.006E-19 8.681E-19 9.353E-19 1.002E-18 1.067E-18 1.130E-18 1.192E-18
  281.45     281.53    35520.1  6.817E-19 8.814E-19 9.810E-19 1.079E-18 1.175E-18 1.268E-18 1.358E-18 1.444E-18 1.526E-18 1.605E-18 1.680E-18 1.751E-18
  281.14     281.22    35559.4  1.315E-18 1.596E-18 1.727E-18 1.851E-18 1.968E-18 2.077E-18 2.179E-18 2.273E-18 2.360E-18 2.441E-18 2.515E-18 2.583E-18
  280.83     280.91    35598.8  1.904E-18 2.178E-18 2.298E-18 2.408E-18 2.508E-18 2.597E-18 2.678E-18 2.751E-18 2.816E-18 2.874E-18 2.925E-18 2.971E-18
  280.52     280.60    35638.2  2.974E-18 3.143E-18 3.206E-18 3.259E-18 3.301E-18 3.335E-18 3.361E-18 3.382E-18 3.397E-18 3.407E-18 3.414E-18 3.417E-18
  280.21     280.29    35677.6  5.850E-18 5.748E-18 5.683E-18 5.613E-18 5.539E-18 5.463E-18 5.386E-18 5.309E-18 5.232E-18 5.156E-18 5.082E-18 5.010E-18
  279.90     279.98    35717.1  8.735E-18 8.161E-18 7.898E-18 7.649E-18 7.415E-18 7.195E-18 6.989E-18 6.795E-18 6.614E-18 6.443E-18 6.284E-18 6.134E-18
  279.59     279.67    35756.7  5.214E-18 4.817E-18 4.648E-18 4.496E-18 4.359E-18 4.236E-18 4.126E-18 4.026E-18 3.937E-18 3.856E-18 3.783E-18 3.717E-18
  279.28     279.36    35796.2  8.245E-19 9.001E-19 9.446E-19 9.923E-19 1.042E-18 1.094E-18 1.147E-18 1.201E-18 1.254E-18 1.307E-18 1.360E-18 1.411E-18
  278.97     279.05    35835.8  6.927E-19 8.861E-19 9.832E-19 1.079E-18 1.174E-18 1.265E-18 1.355E-18 1.440E-18 1.523E-18 1.602E-18 1.678E-18 1.750E-18
  278.66     278.74    35875.5  1.321E-18 1.608E-18 1.743E-18 1.872E-18 1.994E-18 2.108E-18 2.216E-18 2.316E-18 2.410E-18 2.497E-18 2.577E-18 2.652E-18
  278.35     278.43    35915.2  2.274E-18 2.596E-18 2.738E-18 2.867E-18 2.985E-18 3.092E-18 3.188E-18 3.274E-18 3.352E-18 3.421E-18 3.483E-18 3.538E-18
  278.04     278.13    35955.0  3.549E-18 3.749E-18 3.826E-18 3.890E-18 3.942E-18 3.984E-18 4.018E-18 4.044E-18 4.064E-18 4.078E-18 4.088E-18 4.093E-18
  277.74     277.82    35994.8  6.374E-18 6.236E-18 6.156E-18 6.072E-18 5.985E-18 5.898E-18 5.811E-18 5.725E-18 5.639E-18 5.556E-18 5.475E-18 5.396E-18
  277.43     277.51    36034.6  8.869E-18 8.286E-18 8.021E-18 7.772E-18 7.539E-18 7.321E-18 7.116E-18 6.925E-18 6.746E-18 6.579E-18 6.422E-18 6.274E-18
  277.12     277.20    36074.5  5.075E-18 4.722E-18 4.573E-18 4.441E-18 4.324E-18 4.219E-18 4.125E-18 4.042E-18 3.967E-18 3.900E-18 3.840E-18 3.786E-18
  276.82     276.90    36114.4  9.613E-19 1.084E-18 1.150E-18 1.218E-18 1.286E-18 1.354E-18 1.422E-18 1.489E-18 1.555E-18 1.619E-18 1.681E-18 1.741E-18
  276.51     276.59    36154.4  1.065E-18 1.310E-18 1.428E-18 1.543E-18 1.653E-18 1.759E-18 1.860E-18 1.955E-18 2.046E-18 2.132E-18 2.212E-18 2.288E-18
  276.20     276.29    36194.4  2.016E-18 2.343E-18 2.492E-18 2.630E-18 2.758E-18 2.875E-18 2.984E-18 3.083E-18 3.174E-18 3.257E-18 3.332E-18 3.401E-18
  275.90     275.98    36234.4  3.403E-18 3.689E-18 3.809E-18 3.913E-18 4.005E-18 4.084E-18 4.153E-18 4.212E-18 4.263E-18 4.306E-18 4.341E-18 4.371E-18
  275.59     275.68    36274.5  5.631E-18 5.635E-18 5.620E-18 5.596E-18 5.566E-18 5.531E-18 5.492E-18 5.450E-18 5.406E-18 5.361E-18 5.314E-18 5.267E-18
  275.29     275.37    36314.7  8.830E-18 8.327E-18 8.094E-18 7.873E-18 7.665E-18 7.469E-18 7.284E-18 7.110E-18 6.945E-18 6.791E-18 6.645E-18 6.507E-18
  274.98     275.07    36354.9  6.390E-18 5.965E-18 5.783E-18 5.618E-18 5.469E-18 5.334E-18 5.211E-18 5.099E-18 4.997E-18 4.904E-18 4.818E-18 4.740E-18
  274.68     274.76    36395.1  1.642E-18 1.728E-18 1.778E-18 1.830E-18 1.883E-18 1.937E-18 1.991E-18 2.045E-18 2.097E-18 2.149E-18 2.199E-18 2.247E-18
  274.38     274.46    36435.4  1.349E-18 1.604E-18 1.725E-18 1.842E-18 1.952E-18 2.057E-18 2.157E-18 2.250E-18 2.338E-18 2.421E-18 2.498E-18 2.571E-18
  274.07     274.15    36475.7  2.468E-18 2.787E-18 2.929E-18 3.059E-18 3.179E-18 3.288E-18 3.388E-18 3.478E-18 3.560E-18 3.634E-18 3.701E-18 3.761E-18
  273.77     273.85    36516.1  4.266E-18 4.497E-18 4.590E-18 4.668E-18 4.734E-18 4.790E-18 4.836E-18 4.874E-18 4.905E-18 4.928E-18 4.946E-18 4.959E-18
  273.47     273.55    36556.5  7.008E-18 6.853E-18 6.770E-18 6.686E-18 6.601E-18 6.516E-18 6.432E-18 6.349E-18 6.268E-18 6.189E-18 6.111E-18 6.036E-18
  273.17     273.25    36597.0  8.129E-18 7.639E-18 7.420E-18 7.217E-18 7.029E-18 6.854E-18 6.692E-18 6.541E-18 6.400E-18 6.269E-18 6.147E-18 6.032E-18
  272.86     272.94    36637.5  4.367E-18 4.184E-18 4.112E-18 4.051E-18 3.999E-18 3.955E-18 3.917E-18 3.885E-18 3.857E-18 3.833E-18 3.813E-18 3.795E-18
  272.56     272.64    36678.0  1.579E-18 1.796E-18 1.899E-18 1.999E-18 2.094E-18 2.185E-18 2.271E-18 2.353E-18 2.430E-18 2.503E-18 2.571E-18 2.635E-18
  272.26     272.34    36718.6  2.455E-18 2.745E-18 2.874E-18 2.993E-18 3.103E-18 3.204E-18 3.296E-18 3.380E-18 3.457E-18 3.527E-18 3.591E-18 3.648E-18
  271.96     272.04    36759.3  4.365E-18 4.586E-18 4.675E-18 4.752E-18 4.818E-18 4.874E-18 4.921E-18 4.961E-18 4.993E-18 5.020E-18 5.040E-18 5.056E-18
  271.66     271.74    36799.9  7.064E-18 6.923E-18 6.849E-18 6.774E-18 6.699E-18 6.625E-18 6.551E-18 6.479E-18 6.408E-18 6.339E-18 6.271E-18 6.205E-18
  271.36     271.44    36840.7  7.470E-18 7.070E-18 6.894E-18 6.731E-18 6.580E-18 6.441E-18 6.311E-18 6.192E-18 6.080E-18 5.976E-18 5.879E-18 5.788E-18
  271.06     271.14    36881.4  3.994E-18 3.914E-18 3.886E-18 3.865E-18 3.849E-18 3.837E-18 3.828E-18 3.822E-18 3.818E-18 3.815E-18 3.813E-18 3.812E-18
  270.76     270.84    36922.3  2.172E-18 2.410E-18 2.519E-18 2.621E-18 2.717E-18 2.806E-18 2.889E-18 2.966E-18 3.038E-18 3.104E-18 3.165E-18 3.222E-18
  270.46     270.54    36963.1  3.589E-18 3.828E-18 3.930E-18 4.021E-18 4.102E-18 4.175E-18 4.240E-18 4.297E-18 4.347E-18 4.391E-18 4.430E-18 4.463E-18
  270.16     270.24    37004.0  5.988E-18 5.997E-18 5.993E-18 5.983E-18 5.969E-18 5.951E-18 5.931E-18 5.908E-18 5.883E-18 5.857E-18 5.829E-18 5.799E-18
  269.86     269.94    37045.0  7.465E-18 7.152E-18 7.011E-18 6.880E-18 6.758E-18 6.643E-18 6.536E-18 6.435E-18 6.341E-18 6.251E-18 6.167E-18 6.087E-18
  269.56     269.64    37086.0  4.934E-18 4.804E-18 4.752E-18 4.707E-18 4.667E-18 4.632E-18 4.601E-18 4.573E-18 4.548E-18 4.525E-18 4.503E-18 4.484E-18
  269.27     269.35    37127.0  2.729E-18 2.935E-18 3.028E-18 3.114E-18 3.194E-18 3.268E-18 3.336E-18 3.399E-18 3.457E-18 3.510E-18 3.558E-18 3.603E-18
  268.97     269.05    37168.1  4.185E-18 4.359E-18 4.430E-18 4.494E-18 4.549E-18 4.598E-18 4.640E-18 4.676E-18 4.707E-18 4.734E-18 4.756E-18 4.774E-18
  268.67     268.75    37209.3  6.531E-18 6.427E-18 6.376E-18 6.325E-18 6.276E-18 6.227E-18 6.179E-18 6.132E-18 6.085E-18 6.040E-18 5.995E-18 5.950E-18
  268.37     268.45    37250.4  6.208E-18 6.013E-18 5.928E-18 5.849E-18 5.777E-18 5.711E-18 5.649E-18 5.591E-18 5.537E-18 5.485E-18 5.437E-18 5.391E-18
  268.08     268.16    37291.7  3.850E-18 3.920E-18 3.953E-18 3.984E-18 4.014E-18 4.042E-18 4.067E-18 4.091E-18 4.113E-18 4.132E-18 4.149E-18 4.165E-18
  267.78     267.86    37332.9  4.033E-18 4.189E-18 4.255E-18 4.314E-18 4.366E-18 4.413E-18 4.453E-18 4.489E-18 4.520E-18 4.548E-18 4.571E-18 4.590E-18
  267.48     267.56    37374.3  6.049E-18 5.980E-18 5.945E-18 5.912E-18 5.878E-18 5.845E-18 5.812E-18 5.780E-18 5.747E-18 5.715E-18 5.683E-18 5.652E-18
  267.19     267.27    37415.6  5.793E-18 5.675E-18 5.624E-18 5.576E-18 5.532E-18 5.491E-18 5.453E-18 5.416E-18 5.381E-18 5.348E-18 5.315E-18 5.284E-18
  266.89     266.97    37457.0  4.203E-18 4.287E-18 4.324E-18 4.358E-18 4.389E-18 4.416E-18 4.441E-18 4.463E-18 4.482E-18 4.498E-18 4.512E-18 4.524E-18
  266.60     266.68    37498.5  4.924E-18 4.972E-18 4.990E-18 5.005E-18 5.017E-18 5.026E-18 5.032E-18 5.037E-18 5.039E-18 5.039E-18 5.037E-18 5.034E-18
  266.30     266.38    37540.0  5.817E-18 5.732E-18 5.693E-18 5.657E-18 5.623E-18 5.590E-18 5.558E-18 5.527E-18 5.497E-18 5.468E-18 5.439E-18 5.410E-18
  266.01     266.09    37581.5  4.957E-18 4.966E-18 4.969E-18 4.971E-18 4.973E-18 4.973E-18 4.973E-18 4.971E-18 4.969E-18 4.965E-18 4.960E-18 4.954E-18
  265.71     265.79    37623.1  4.964E-18 4.995E-18 5.007E-18 5.016E-18 5.023E-18 5.027E-18 5.030E-18 5.030E-18 5.029E-18 5.026E-18 5.022E-18 5.016E-18
  265.42     265.50    37664.8  5.448E-18 5.414E-18 5.398E-18 5.383E-18 5.368E-18 5.353E-18 5.339E-18 5.324E-18 5.310E-18 5.295E-18 5.280E-18 5.265E-18
  265.13     265.21    37706.5  5.025E-18 5.038E-18 5.043E-18 5.047E-18 5.050E-18 5.051E-18 5.052E-18 5.051E-18 5.049E-18 5.046E-18 5.042E-18 5.037E-18
  264.83     264.91    37748.2  5.239E-18 5.230E-18 5.224E-18 5.217E-18 5.208E-18 5.199E-18 5.188E-18 5.176E-18 5.163E-18 5.149E-18 5.133E-18 5.116E-18
  264.54     264.62    37790.0  5.269E-18 5.258E-18 5.253E-18 5.247E-18 5.240E-18 5.233E-18 5.226E-18 5.218E-18 5.210E-18 5.201E-18 5.192E-18 5.182E-18
  264.25     264.33    37831.8  5.126E-18 5.132E-18 5.133E-18 5.134E-18 5.133E-18 5.132E-18 5.129E-18 5.126E-18 5.122E-18 5.117E-18 5.111E-18 5.105E-18
  263.96     264.04    37873.7  5.287E-18 5.271E-18 5.263E-18 5.254E-18 5.245E-18 5.235E-18 5.224E-18 5.212E-18 5.199E-18 5.185E-18 5.171E-18 5.155E-18
  263.67     263.74    37915.6  5.213E-18 5.211E-18 5.209E-18 5.206E-18 5.202E-18 5.198E-18 5.192E-18 5.186E-18 5.179E-18 5.170E-18 5.161E-18 5.151E-18
  263.37     263.45    37957.5  5.184E-18 5.180E-18 5.177E-18 5.173E-18 5.168E-18 5.162E-18 5.156E-18 5.148E-18 5.140E-18 5.131E-18 5.122E-18 5.111E-18
  263.08     263.16    37999.6  5.208E-18 5.205E-18 5.202E-18 5.199E-18 5.195E-18 5.190E-18 5.185E-18 5.179E-18 5.171E-18 5.163E-18 5.155E-18 5.145E-18
  262.79     262.87    38041.6  5.213E-18 5.212E-18 5.211E-18 5.209E-18 5.206E-18 5.202E-18 5.197E-18 5.192E-18 5.185E-18 5.178E-18 5.169E-18 5.160E-18
  262.50     262.58    38083.7  5.185E-18 5.176E-18 5.170E-18 5.164E-18 5.157E-18 5.149E-18 5.140E-18 5.131E-18 5.121E-18 5.110E-18 5.098E-18 5.086E-18
  262.21     262.29    38125.9  5.190E-18 5.185E-18 5.182E-18 5.178E-18 5.173E-18 5.168E-18 5.162E-18 5.154E-18 5.147E-18 5.138E-18 5.128E-18 5.118E-18
  261.92     262.00    38168.1  5.183E-18 5.178E-18 5.175E-18 5.171E-18 5.166E-18 5.161E-18 5.154E-18 5.147E-18 5.139E-18 5.131E-18 5.121E-18 5.111E-18
  261.63     261.71    38210.3  5.174E-18 5.169E-18 5.166E-18 5.162E-18 5.158E-18 5.152E-18 5.146E-18 5.139E-18 5.131E-18 5.122E-18 5.113E-18 5.103E-18
  261.34     261.42    38252.6  5.164E-18 5.160E-18 5.156E-18 5.152E-18 5.148E-18 5.142E-18 5.136E-18 5.129E-18 5.121E-18 5.113E-18 5.104E-18 5.094E-18
  261.05     261.13    38294.9  5.153E-18 5.148E-18 5.145E-18 5.141E-18 5.136E-18 5.131E-18 5.125E-18 5.118E-18 5.110E-18 5.102E-18 5.093E-18 5.083E-18
  260.76     260.84    38337.3  5.141E-18 5.136E-18 5.133E-18 5.129E-18 5.124E-18 5.119E-18 5.113E-18 5.106E-18 5.098E-18 5.090E-18 5.081E-18 5.071E-18
  260.48     260.55    38379.7  5.127E-18 5.122E-18 5.119E-18 5.115E-18 5.110E-18 5.105E-18 5.099E-18 5.092E-18 5.085E-18 5.076E-18 5.067E-18 5.057E-18
  260.19     260.27    38422.2  5.113E-18 5.108E-18 5.104E-18 5.100E-18 5.096E-18 5.091E-18 5.085E-18 5.078E-18 5.070E-18 5.062E-18 5.053E-18 5.044E-18
  259.90     259.98    38464.7  5.096E-18 5.091E-18 5.088E-18 5.084E-18 5.080E-18 5.074E-18 5.068E-18 5.062E-18 5.054E-18 5.046E-18 5.037E-18 5.028E-18
  259.61     259.69    38507.3  5.079E-18 5.074E-18 5.071E-18 5.067E-18 5.062E-18 5.057E-18 5.051E-18 5.045E-18 5.037E-18 5.029E-18 5.021E-18 5.011E-18
  259.33     259.40    38549.9  5.061E-18 5.056E-18 5.052E-18 5.049E-18 5.044E-18 5.039E-18 5.033E-18 5.026E-18 5.019E-18 5.011E-18 5.003E-18 4.993E-18
  259.04     259.12    38592.6  5.041E-18 5.036E-18 5.033E-18 5.029E-18 5.024E-18 5.019E-18 5.013E-18 5.007E-18 5.000E-18 4.992E-18 4.983E-18 4.974E-18
  258.75     258.83    38635.3  5.021E-18 5.016E-18 5.012E-18 5.008E-18 5.004E-18 4.999E-18 4.993E-18 4.987E-18 4.980E-18 4.972E-18 4.964E-18 4.955E-18
  258.47     258.54    38678.1  4.998E-18 4.993E-18 4.990E-18 4.986E-18 4.982E-18 4.976E-18 4.971E-18 4.964E-18 4.957E-18 4.950E-18 4.941E-18 4.932E-18
  258.18     258.26    38720.9  4.976E-18 4.971E-18 4.968E-18 4.964E-18 4.960E-18 4.955E-18 4.949E-18 4.943E-18 4.936E-18 4.929E-18 4.920E-18 4.912E-18
  257.90     257.97    38763.7  4.952E-18 4.946E-18 4.943E-18 4.939E-18 4.935E-18 4.930E-18 4.924E-18 4.918E-18 4.911E-18 4.904E-18 4.895E-18 4.887E-18
  257.61     257.69    38806.6  4.927E-18 4.922E-18 4.918E-18 4.915E-18 4.910E-18 4.905E-18 4.900E-18 4.894E-18 4.887E-18 4.880E-18 4.872E-18 4.864E-18
  257.33     257.40    38849.6  4.901E-18 4.895E-18 4.892E-18 4.888E-18 4.884E-18 4.879E-18 4.874E-18 4.868E-18 4.861E-18 4.854E-18 4.847E-18 4.838E-18
  257.04     257.12    38892.6  4.873E-18 4.868E-18 4.865E-18 4.861E-18 4.856E-18 4.852E-18 4.846E-18 4.840E-18 4.834E-18 4.827E-18 4.819E-18 4.811E-18
  256.76     256.83    38935.6  4.846E-18 4.841E-18 4.838E-18 4.834E-18 4.830E-18 4.825E-18 4.820E-18 4.814E-18 4.808E-18 4.801E-18 4.794E-18 4.786E-18
  256.47     256.55    38978.7  4.816E-18 4.811E-18 4.808E-18 4.804E-18 4.800E-18 4.795E-18 4.790E-18 4.784E-18 4.778E-18 4.771E-18 4.763E-18 4.755E-18
  256.19     256.27    39021.9  4.786E-18 4.781E-18 4.778E-18 4.774E-18 4.770E-18 4.765E-18 4.760E-18 4.755E-18 4.749E-18 4.742E-18 4.735E-18 4.727E-18
  255.91     255.98    39065.0  4.756E-18 4.751E-18 4.748E-18 4.744E-18 4.740E-18 4.736E-18 4.731E-18 4.725E-18 4.719E-18 4.713E-18 4.706E-18 4.698E-18
  255.62     255.70    39108.3  4.724E-18 4.718E-18 4.715E-18 4.711E-18 4.707E-18 4.703E-18 4.698E-18 4.692E-18 4.686E-18 4.680E-18 4.673E-18 4.665E-18
  255.34     255.42    39151.6  4.691E-18 4.686E-18 4.683E-18 4.679E-18 4.675E-18 4.671E-18 4.666E-18 4.661E-18 4.655E-18 4.649E-18 4.642E-18 4.635E-18
  255.06     255.14    39194.9  4.658E-18 4.653E-18 4.650E-18 4.646E-18 4.642E-18 4.638E-18 4.633E-18 4.628E-18 4.622E-18 4.616E-18 4.610E-18 4.603E-18
  254.78     254.85    39238.3  4.623E-18 4.618E-18 4.615E-18 4.611E-18 4.607E-18 4.603E-18 4.598E-18 4.593E-18 4.587E-18 4.581E-18 4.575E-18 4.568E-18
  254.50     254.57    39281.7  4.589E-18 4.583E-18 4.580E-18 4.577E-18 4.573E-18 4.569E-18 4.564E-18 4.559E-18 4.554E-18 4.548E-18 4.542E-18 4.535E-18
  254.21     254.29    39325.2  4.553E-18 4.547E-18 4.544E-18 4.541E-18 4.537E-18 4.533E-18 4.529E-18 4.524E-18 4.519E-18 4.513E-18 4.507E-18 4.500E-18
  253.93     254.01    39368.7  4.516E-18 4.511E-18 4.508E-18 4.504E-18 4.501E-18 4.496E-18 4.492E-18 4.487E-18 4.482E-18 4.476E-18 4.470E-18 4.464E-18
  253.65     253.73    39412.3  4.479E-18 4.474E-18 4.471E-18 4.468E-18 4.464E-18 4.460E-18 4.456E-18 4.451E-18 4.446E-18 4.440E-18 4.435E-18 4.428E-18
  253.37     253.45    39455.9  4.441E-18 4.436E-18 4.433E-18 4.430E-18 4.426E-18 4.422E-18 4.418E-18 4.414E-18 4.409E-18 4.403E-18 4.398E-18 4.392E-18
  253.09     253.17    39499.6  4.403E-18 4.397E-18 4.394E-18 4.391E-18 4.388E-18 4.384E-18 4.380E-18 4.375E-18 4.370E-18 4.365E-18 4.360E-18 4.354E-18
  252.81     252.89    39543.3  4.363E-18 4.358E-18 4.355E-18 4.352E-18 4.349E-18 4.345E-18 4.341E-18 4.337E-18 4.332E-18 4.327E-18 4.322E-18 4.316E-18
  252.53     252.61    39587.0  4.323E-18 4.318E-18 4.315E-18 4.312E-18 4.309E-18 4.305E-18 4.301E-18 4.297E-18 4.292E-18 4.287E-18 4.282E-18 4.277E-18
  252.25     252.33    39630.9  4.284E-18 4.279E-18 4.276E-18 4.273E-18 4.269E-18 4.266E-18 4.262E-18 4.258E-18 4.253E-18 4.249E-18 4.244E-18 4.238E-18
  251.97     252.05    39674.7  4.242E-18 4.237E-18 4.234E-18 4.231E-18 4.228E-18 4.225E-18 4.221E-18 4.217E-18 4.213E-18 4.208E-18 4.203E-18 4.198E-18
  251.70     251.77    39718.6  4.201E-18 4.196E-18 4.193E-18 4.190E-18 4.187E-18 4.183E-18 4.179E-18 4.175E-18 4.171E-18 4.167E-18 4.162E-18 4.157E-18
  251.42     251.49    39762.6  4.159E-18 4.154E-18 4.152E-18 4.149E-18 4.146E-18 4.142E-18 4.139E-18 4.135E-18 4.131E-18 4.127E-18 4.122E-18 4.118E-18
  251.14     251.21    39806.6  4.117E-18 4.112E-18 4.109E-18 4.106E-18 4.103E-18 4.100E-18 4.097E-18 4.093E-18 4.089E-18 4.085E-18 4.081E-18 4.076E-18
  250.86     250.94    39850.7  4.074E-18 4.069E-18 4.066E-18 4.063E-18 4.060E-18 4.057E-18 4.053E-18 4.050E-18 4.046E-18 4.042E-18 4.038E-18 4.033E-18
  250.58     250.66    39894.8  4.031E-18 4.026E-18 4.023E-18 4.021E-18 4.018E-18 4.014E-18 4.011E-18 4.008E-18 4.004E-18 4.000E-18 3.996E-18 3.992E-18
  250.31     250.38    39938.9  3.988E-18 3.983E-18 3.980E-18 3.977E-18 3.974E-18 3.971E-18 3.968E-18 3.965E-18 3.961E-18 3.957E-18 3.954E-18 3.950E-18
  250.03     250.11    39983.1  3.944E-18 3.939E-18 3.936E-18 3.934E-18 3.931E-18 3.928E-18 3.925E-18 3.922E-18 3.919E-18 3.915E-18 3.912E-18 3.908E-18
  249.75     249.83    40027.4  3.899E-18 3.894E-18 3.891E-18 3.889E-18 3.886E-18 3.883E-18 3.879E-18 3.876E-18 3.873E-18 3.869E-18 3.865E-18 3.862E-18
  249.48     249.55    40071.7  3.854E-18 3.850E-18 3.847E-18 3.844E-18 3.842E-18 3.839E-18 3.836E-18 3.833E-18 3.830E-18 3.826E-18 3.823E-18 3.820E-18
  249.20     249.28    40116.0  3.811E-18 3.806E-18 3.804E-18 3.801E-18 3.799E-18 3.796E-18 3.794E-18 3.791E-18 3.788E-18 3.785E-18 3.782E-18 3.779E-18
  248.93     249.00    40160.4  3.765E-18 3.760E-18 3.757E-18 3.755E-18 3.752E-18 3.750E-18 3.747E-18 3.744E-18 3.741E-18 3.738E-18 3.735E-18 3.732E-18
  248.65     248.73    40204.9  3.719E-18 3.714E-18 3.712E-18 3.709E-18 3.706E-18 3.704E-18 3.701E-18 3.698E-18 3.695E-18 3.692E-18 3.689E-18 3.686E-18
  248.38     248.45    40249.4  3.674E-18 3.670E-18 3.668E-18 3.665E-18 3.663E-18 3.661E-18 3.658E-18 3.656E-18 3.653E-18 3.651E-18 3.648E-18 3.645E-18
  248.10     248.18    40293.9  3.629E-18 3.624E-18 3.622E-18 3.619E-18 3.617E-18 3.615E-18 3.612E-18 3.610E-18 3.607E-18 3.605E-18 3.602E-18 3.600E-18
  247.83     247.90    40338.5  3.582E-18 3.578E-18 3.575E-18 3.573E-18 3.571E-18 3.568E-18 3.566E-18 3.563E-18 3.561E-18 3.558E-18 3.556E-18 3.553E-18
  247.55     247.63    40383.2  3.537E-18 3.532E-18 3.530E-18 3.527E-18 3.525E-18 3.523E-18 3.520E-18 3.518E-18 3.515E-18 3.513E-18 3.510E-18 3.508E-18
  247.28     247.35    40427.8  3.490E-18 3.485E-18 3.483E-18 3.481E-18 3.478E-18 3.476E-18 3.474E-18 3.472E-18 3.470E-18 3.467E-18 3.465E-18 3.463E-18
  247.01     247.08    40472.6  3.445E-18 3.441E-18 3.439E-18 3.437E-18 3.435E-18 3.433E-18 3.432E-18 3.430E-18 3.428E-18 3.426E-18 3.424E-18 3.422E-18
  246.73     246.81    40517.4  3.398E-18 3.393E-18 3.391E-18 3.389E-18 3.386E-18 3.384E-18 3.382E-18 3.380E-18 3.378E-18 3.376E-18 3.374E-18 3.372E-18
  246.46     246.53    40562.2  3.351E-18 3.346E-18 3.344E-18 3.342E-18 3.340E-18 3.338E-18 3.335E-18 3.333E-18 3.331E-18 3.329E-18 3.327E-18 3.325E-18
  246.19     246.26    40607.1  3.306E-18 3.302E-18 3.300E-18 3.298E-18 3.296E-18 3.294E-18 3.293E-18 3.291E-18 3.289E-18 3.288E-18 3.286E-18 3.285E-18
  245.92     245.99    40652.1  3.259E-18 3.254E-18 3.252E-18 3.250E-18 3.249E-18 3.247E-18 3.245E-18 3.243E-18 3.242E-18 3.240E-18 3.239E-18 3.238E-18
  245.64     245.72    40697.1  3.213E-18 3.209E-18 3.207E-18 3.206E-18 3.204E-18 3.202E-18 3.200E-18 3.199E-18 3.197E-18 3.196E-18 3.194E-18 3.193E-18
  245.37     245.45    40742.1  3.166E-18 3.161E-18 3.159E-18 3.157E-18 3.154E-18 3.152E-18 3.151E-18 3.149E-18 3.147E-18 3.145E-18 3.144E-18 3.142E-18
  245.10     245.18    40787.2  3.121E-18 3.116E-18 3.115E-18 3.113E-18 3.111E-18 3.109E-18 3.108E-18 3.107E-18 3.105E-18 3.104E-18 3.103E-18 3.102E-18
  244.83     244.90    40832.3  3.075E-18 3.071E-18 3.069E-18 3.068E-18 3.066E-18 3.065E-18 3.064E-18 3.062E-18 3.061E-18 3.061E-18 3.060E-18 3.059E-18
  244.56     244.63    40877.5  3.027E-18 3.023E-18 3.021E-18 3.019E-18 3.017E-18 3.016E-18 3.014E-18 3.013E-18 3.012E-18 3.010E-18 3.009E-18 3.009E-18
  244.29     244.36    40922.8  2.983E-18 2.979E-18 2.977E-18 2.975E-18 2.973E-18 2.972E-18 2.970E-18 2.969E-18 2.968E-18 2.967E-18 2.966E-18 2.965E-18
  244.02     244.09    40968.1  2.936E-18 2.932E-18 2.930E-18 2.928E-18 2.927E-18 2.925E-18 2.924E-18 2.923E-18 2.922E-18 2.921E-18 2.920E-18 2.920E-18
  243.75     243.82    41013.4  2.891E-18 2.887E-18 2.885E-18 2.884E-18 2.882E-18 2.881E-18 2.880E-18 2.879E-18 2.878E-18 2.877E-18 2.877E-18 2.876E-18
  243.48     243.55    41058.8  2.846E-18 2.842E-18 2.841E-18 2.839E-18 2.838E-18 2.837E-18 2.836E-18 2.835E-18 2.835E-18 2.834E-18 2.834E-18 2.834E-18
  243.21     243.28    41104.2  2.799E-18 2.795E-18 2.793E-18 2.792E-18 2.790E-18 2.789E-18 2.788E-18 2.787E-18 2.786E-18 2.785E-18 2.784E-18 2.784E-18
  242.94     243.02    41149.7  2.755E-18 2.751E-18 2.749E-18 2.747E-18 2.746E-18 2.744E-18 2.743E-18 2.742E-18 2.741E-18 2.741E-18 2.740E-18 2.740E-18
  242.67     242.75    41195.3  2.710E-18 2.707E-18 2.705E-18 2.704E-18 2.703E-18 2.702E-18 2.701E-18 2.701E-18 2.700E-18 2.700E-18 2.700E-18 2.700E-18
  242.40     242.48    41240.9  2.665E-18 2.662E-18 2.660E-18 2.659E-18 2.658E-18 2.657E-18 2.656E-18 2.656E-18 2.655E-18 2.655E-18 2.655E-18 2.655E-18
  242.14     242.21    41286.5  2.620E-18 2.617E-18 2.615E-18 2.614E-18 2.612E-18 2.611E-18 2.610E-18 2.610E-18 2.609E-18 2.609E-18 2.609E-18 2.609E-18
  241.87     241.94    41332.2  2.577E-18 2.573E-18 2.571E-18 2.570E-18 2.569E-18 2.568E-18 2.567E-18 2.567E-18 2.566E-18 2.566E-18 2.566E-18 2.566E-18
  241.60     241.67    41377.9  2.532E-18 2.529E-18 2.527E-18 2.526E-18 2.525E-18 2.524E-18 2.523E-18 2.523E-18 2.523E-18 2.523E-18 2.523E-18 2.523E-18
  241.33     241.41    41423.7  2.489E-18 2.486E-18 2.485E-18 2.483E-18 2.482E-18 2.482E-18 2.481E-18 2.481E-18 2.481E-18 2.481E-18 2.481E-18 2.482E-18
  241.07     241.14    41469.6  2.446E-18 2.443E-18 2.441E-18 2.440E-18 2.439E-18 2.439E-18 2.438E-18 2.438E-18 2.438E-18 2.438E-18 2.439E-18 2.440E-18
  240.80     240.87    41515.5  2.402E-18 2.399E-18 2.397E-18 2.396E-18 2.395E-18 2.394E-18 2.393E-18 2.393E-18 2.393E-18 2.393E-18 2.393E-18 2.394E-18
  240.53     240.61    41561.4  2.360E-18 2.357E-18 2.355E-18 2.354E-18 2.353E-18 2.352E-18 2.351E-18 2.351E-18 2.351E-18 2.351E-18 2.352E-18 2.352E-18
  240.27     240.34    41607.4  2.318E-18 2.315E-18 2.313E-18 2.313E-18 2.312E-18 2.311E-18 2.311E-18 2.311E-18 2.312E-18 2.312E-18 2.313E-18 2.314E-18
  240.00     240.08    41653.5  2.276E-18 2.273E-18 2.272E-18 2.271E-18 2.270E-18 2.269E-18 2.269E-18 2.269E-18 2.269E-18 2.270E-18 2.271E-18 2.272E-18
  239.74     239.81    41699.6  2.233E-18 2.230E-18 2.229E-18 2.228E-18 2.227E-18 2.226E-18 2.226E-18 2.226E-18 2.226E-18 2.227E-18 2.227E-18 2.228E-18
  239.47     239.55    41745.7  2.194E-18 2.190E-18 2.189E-18 2.188E-18 2.187E-18 2.187E-18 2.186E-18 2.186E-18 2.187E-18 2.187E-18 2.188E-18 2.189E-18
  239.21     239.28    41791.9  2.151E-18 2.148E-18 2.147E-18 2.146E-18 2.145E-18 2.145E-18 2.144E-18 2.144E-18 2.145E-18 2.145E-18 2.146E-18 2.147E-18
  238.94     239.02    41838.2  2.111E-18 2.108E-18 2.107E-18 2.106E-18 2.106E-18 2.106E-18 2.105E-18 2.106E-18 2.106E-18 2.107E-18 2.108E-18 2.109E-18
  238.68     238.75    41884.5  2.072E-18 2.069E-18 2.068E-18 2.067E-18 2.066E-18 2.066E-18 2.066E-18 2.066E-18 2.067E-18 2.068E-18 2.069E-18 2.070E-18
  238.42     238.49    41930.8  2.030E-18 2.027E-18 2.026E-18 2.025E-18 2.025E-18 2.024E-18 2.024E-18 2.024E-18 2.025E-18 2.026E-18 2.027E-18 2.028E-18
  238.15     238.22    41977.2  1.993E-18 1.990E-18 1.989E-18 1.988E-18 1.987E-18 1.987E-18 1.987E-18 1.987E-18 1.988E-18 1.988E-18 1.989E-18 1.991E-18
  237.89     237.96    42023.7  1.952E-18 1.949E-18 1.948E-18 1.947E-18 1.947E-18 1.947E-18 1.947E-18 1.947E-18 1.948E-18 1.949E-18 1.950E-18 1.951E-18
  237.63     237.70    42070.2  1.915E-18 1.912E-18 1.911E-18 1.911E-18 1.910E-18 1.910E-18 1.910E-18 1.910E-18 1.911E-18 1.912E-18 1.913E-18 1.915E-18
  237.36     237.44    42116.8  1.876E-18 1.874E-18 1.873E-18 1.872E-18 1.872E-18 1.872E-18 1.872E-18 1.873E-18 1.874E-18 1.875E-18 1.876E-18 1.878E-18
  237.10     237.17    42163.4  1.838E-18 1.836E-18 1.835E-18 1.834E-18 1.833E-18 1.833E-18 1.833E-18 1.834E-18 1.834E-18 1.835E-18 1.837E-18 1.838E-18
  236.84     236.91    42210.1  1.802E-18 1.799E-18 1.798E-18 1.797E-18 1.797E-18 1.796E-18 1.796E-18 1.797E-18 1.797E-18 1.798E-18 1.800E-18 1.801E-18
  236.58     236.65    42256.8  1.764E-18 1.762E-18 1.761E-18 1.760E-18 1.760E-18 1.760E-18 1.760E-18 1.761E-18 1.762E-18 1.763E-18 1.764E-18 1.766E-18
  236.31     236.39    42303.5  1.730E-18 1.727E-18 1.726E-18 1.726E-18 1.726E-18 1.726E-18 1.726E-18 1.726E-18 1.727E-18 1.729E-18 1.730E-18 1.732E-18
  236.05     236.13    42350.4  1.691E-18 1.689E-18 1.688E-18 1.688E-18 1.687E-18 1.687E-18 1.688E-18 1.688E-18 1.689E-18 1.691E-18 1.692E-18 1.694E-18
  235.79     235.86    42397.2  1.657E-18 1.655E-18 1.654E-18 1.653E-18 1.653E-18 1.653E-18 1.653E-18 1.654E-18 1.654E-18 1.655E-18 1.657E-18 1.659E-18
  235.53     235.60    42444.2  1.622E-18 1.620E-18 1.619E-18 1.619E-18 1.618E-18 1.618E-18 1.619E-18 1.619E-18 1.620E-18 1.621E-18 1.623E-18 1.625E-18
  235.27     235.34    42491.1  1.587E-18 1.585E-18 1.584E-18 1.584E-18 1.583E-18 1.583E-18 1.584E-18 1.585E-18 1.586E-18 1.587E-18 1.589E-18 1.591E-18
  235.01     235.08    42538.2  1.555E-18 1.552E-18 1.552E-18 1.551E-18 1.551E-18 1.551E-18 1.551E-18 1.552E-18 1.553E-18 1.554E-18 1.556E-18 1.558E-18
  234.75     234.82    42585.2  1.519E-18 1.517E-18 1.516E-18 1.516E-18 1.515E-18 1.516E-18 1.516E-18 1.517E-18 1.518E-18 1.519E-18 1.521E-18 1.523E-18
  234.49     234.56    42632.4  1.488E-18 1.485E-18 1.485E-18 1.484E-18 1.484E-18 1.484E-18 1.484E-18 1.485E-18 1.486E-18 1.487E-18 1.489E-18 1.491E-18
  234.23     234.30    42679.6  1.454E-18 1.452E-18 1.451E-18 1.451E-18 1.451E-18 1.451E-18 1.451E-18 1.452E-18 1.453E-18 1.454E-18 1.456E-18 1.458E-18
  233.97     234.05    42726.8  1.422E-18 1.420E-18 1.419E-18 1.419E-18 1.418E-18 1.419E-18 1.419E-18 1.420E-18 1.421E-18 1.423E-18 1.424E-18 1.426E-18
  233.71     233.79    42774.1  1.391E-18 1.389E-18 1.389E-18 1.388E-18 1.388E-18 1.388E-18 1.389E-18 1.390E-18 1.391E-18 1.392E-18 1.394E-18 1.396E-18
  233.46     233.53    42821.4  1.358E-18 1.356E-18 1.356E-18 1.355E-18 1.355E-18 1.356E-18 1.356E-18 1.357E-18 1.358E-18 1.360E-18 1.362E-18 1.364E-18
  233.20     233.27    42868.8  1.330E-18 1.327E-18 1.327E-18 1.326E-18 1.326E-18 1.326E-18 1.327E-18 1.328E-18 1.329E-18 1.330E-18 1.332E-18 1.334E-18
  232.94     233.01    42916.3  1.298E-18 1.296E-18 1.295E-18 1.295E-18 1.295E-18 1.295E-18 1.295E-18 1.296E-18 1.297E-18 1.299E-18 1.300E-18 1.302E-18
  232.68     232.75    42963.8  1.268E-18 1.266E-18 1.265E-18 1.265E-18 1.265E-18 1.265E-18 1.266E-18 1.267E-18 1.268E-18 1.269E-18 1.271E-18 1.273E-18
  232.43     232.50    43011.3  1.240E-18 1.238E-18 1.238E-18 1.237E-18 1.238E-18 1.238E-18 1.238E-18 1.239E-18 1.241E-18 1.242E-18 1.244E-18 1.246E-18
  232.17     232.24    43058.9  1.209E-18 1.208E-18 1.207E-18 1.207E-18 1.207E-18 1.208E-18 1.208E-18 1.209E-18 1.211E-18 1.212E-18 1.214E-18 1.216E-18
  231.91     231.98    43106.6  1.183E-18 1.181E-18 1.180E-18 1.180E-18 1.180E-18 1.180E-18 1.180E-18 1.181E-18 1.182E-18 1.183E-18 1.185E-18 1.187E-18
  231.66     231.73    43154.3  1.154E-18 1.152E-18 1.151E-18 1.151E-18 1.151E-18 1.151E-18 1.152E-18 1.152E-18 1.154E-18 1.155E-18 1.157E-18 1.159E-18
  231.40     231.47    43202.0  1.126E-18 1.124E-18 1.124E-18 1.124E-18 1.124E-18 1.124E-18 1.125E-18 1.126E-18 1.127E-18 1.129E-18 1.131E-18 1.133E-18
  231.14     231.21    43249.9  1.101E-18 1.099E-18 1.099E-18 1.098E-18 1.098E-18 1.099E-18 1.099E-18 1.100E-18 1.102E-18 1.103E-18 1.105E-18 1.107E-18
  230.89     230.96    43297.7  1.072E-18 1.071E-18 1.070E-18 1.070E-18 1.070E-18 1.071E-18 1.072E-18 1.073E-18 1.074E-18 1.076E-18 1.077E-18 1.080E-18
  230.63     230.70    43345.6  1.048E-18 1.046E-18 1.045E-18 1.045E-18 1.045E-18 1.045E-18 1.046E-18 1.047E-18 1.048E-18 1.049E-18 1.051E-18 1.053E-18
  230.38     230.45    43393.6  1.021E-18 1.020E-18 1.019E-18 1.019E-18 1.019E-18 1.019E-18 1.020E-18 1.021E-18 1.022E-18 1.023E-18 1.025E-18 1.027E-18
  230.12     230.19    43441.6  9.957E-19 9.945E-19 9.942E-19 9.941E-19 9.943E-19 9.948E-19 9.955E-19 9.965E-19 9.978E-19 9.994E-19 1.001E-18 1.003E-18
  229.87     229.94    43489.7  9.730E-19 9.714E-19 9.709E-19 9.707E-19 9.708E-19 9.712E-19 9.718E-19 9.728E-19 9.740E-19 9.755E-19 9.774E-19 9.795E-19
  229.61     229.69    43537.8  9.464E-19 9.451E-19 9.448E-19 9.447E-19 9.449E-19 9.454E-19 9.461E-19 9.472E-19 9.485E-19 9.501E-19 9.519E-19 9.541E-19
  229.36     229.43    43586.0  9.241E-19 9.226E-19 9.222E-19 9.221E-19 9.222E-19 9.225E-19 9.232E-19 9.241E-19 9.253E-19 9.267E-19 9.285E-19 9.305E-19
  229.11     229.18    43634.3  9.009E-19 8.994E-19 8.989E-19 8.987E-19 8.988E-19 8.991E-19 8.998E-19 9.007E-19 9.018E-19 9.033E-19 9.050E-19 9.070E-19
  228.85     228.92    43682.6  8.766E-19 8.755E-19 8.753E-19 8.753E-19 8.756E-19 8.761E-19 8.768E-19 8.779E-19 8.792E-19 8.807E-19 8.826E-19 8.847E-19
  228.60     228.67    43730.9  8.564E-19 8.549E-19 8.545E-19 8.544E-19 8.545E-19 8.548E-19 8.555E-19 8.564E-19 8.576E-19 8.590E-19 8.608E-19 8.628E-19
  228.35     228.42    43779.3  8.324E-19 8.311E-19 8.308E-19 8.307E-19 8.309E-19 8.313E-19 8.320E-19 8.330E-19 8.343E-19 8.358E-19 8.376E-19 8.397E-19
  228.10     228.17    43827.8  8.115E-19 8.105E-19 8.102E-19 8.103E-19 8.105E-19 8.110E-19 8.118E-19 8.128E-19 8.140E-19 8.156E-19 8.174E-19 8.195E-19
  227.84     227.91    43876.3  7.917E-19 7.903E-19 7.899E-19 7.898E-19 7.899E-19 7.902E-19 7.908E-19 7.917E-19 7.928E-19 7.942E-19 7.959E-19 7.978E-19
  227.59     227.66    43924.8  7.685E-19 7.674E-19 7.672E-19 7.672E-19 7.674E-19 7.679E-19 7.686E-19 7.695E-19 7.708E-19 7.722E-19 7.740E-19 7.760E-19
  227.34     227.41    43973.4  7.504E-19 7.492E-19 7.489E-19 7.488E-19 7.490E-19 7.494E-19 7.500E-19 7.510E-19 7.521E-19 7.536E-19 7.553E-19 7.572E-19
  227.09     227.16    44022.1  7.299E-19 7.286E-19 7.283E-19 7.282E-19 7.284E-19 7.288E-19 7.294E-19 7.303E-19 7.315E-19 7.330E-19 7.347E-19 7.367E-19
  226.84     226.91    44070.8  7.093E-19 7.085E-19 7.084E-19 7.085E-19 7.088E-19 7.094E-19 7.102E-19 7.112E-19 7.125E-19 7.141E-19 7.159E-19 7.179E-19
  226.59     226.66    44119.6  6.927E-19 6.916E-19 6.913E-19 6.912E-19 6.914E-19 6.918E-19 6.924E-19 6.933E-19 6.944E-19 6.958E-19 6.974E-19 6.993E-19
  226.34     226.41    44168.4  6.716E-19 6.705E-19 6.702E-19 6.701E-19 6.702E-19 6.706E-19 6.712E-19 6.721E-19 6.732E-19 6.745E-19 6.761E-19 6.780E-19
  226.09     226.16    44217.3  6.541E-19 6.532E-19 6.531E-19 6.531E-19 6.533E-19 6.538E-19 6.545E-19 6.554E-19 6.566E-19 6.580E-19 6.597E-19 6.616E-19
  225.84     225.91    44266.3  6.378E-19 6.367E-19 6.364E-19 6.364E-19 6.366E-19 6.370E-19 6.376E-19 6.385E-19 6.397E-19 6.410E-19 6.427E-19 6.445E-19
  225.59     225.66    44315.3  6.177E-19 6.169E-19 6.167E-19 6.168E-19 6.171E-19 6.176E-19 6.183E-19 6.193E-19 6.205E-19 6.219E-19 6.236E-19 6.255E-19
  225.34     225.41    44364.3  6.028E-19 6.020E-19 6.018E-19 6.019E-19 6.021E-19 6.026E-19 6.033E-19 6.042E-19 6.054E-19 6.068E-19 6.084E-19 6.102E-19
  225.09     225.16    44413.4  5.858E-19 5.847E-19 5.844E-19 5.843E-19 5.845E-19 5.848E-19 5.854E-19 5.862E-19 5.872E-19 5.885E-19 5.900E-19 5.917E-19
  224.84     224.91    44462.6  5.675E-19 5.667E-19 5.665E-19 5.665E-19 5.668E-19 5.672E-19 5.678E-19 5.687E-19 5.698E-19 5.711E-19 5.726E-19 5.744E-19
  224.59     224.66    44511.8  5.544E-19 5.536E-19 5.534E-19 5.535E-19 5.537E-19 5.541E-19 5.548E-19 5.557E-19 5.568E-19 5.581E-19 5.597E-19 5.615E-19
  224.34     224.41    44561.0  5.373E-19 5.364E-19 5.363E-19 5.363E-19 5.365E-19 5.370E-19 5.377E-19 5.386E-19 5.397E-19 5.410E-19 5.426E-19 5.444E-19
  224.09     224.16    44610.4  5.213E-19 5.207E-19 5.206E-19 5.206E-19 5.209E-19 5.214E-19 5.221E-19 5.230E-19 5.241E-19 5.254E-19 5.269E-19 5.287E-19
  223.85     223.92    44659.7  5.088E-19 5.078E-19 5.076E-19 5.076E-19 5.078E-19 5.082E-19 5.087E-19 5.095E-19 5.105E-19 5.117E-19 5.132E-19 5.148E-19
  223.60     223.67    44709.2  4.918E-19 4.910E-19 4.908E-19 4.908E-19 4.910E-19 4.914E-19 4.920E-19 4.928E-19 4.938E-19 4.951E-19 4.965E-19 4.981E-19
  223.35     223.42    44758.6  4.785E-19 4.778E-19 4.777E-19 4.778E-19 4.781E-19 4.785E-19 4.792E-19 4.800E-19 4.811E-19 4.823E-19 4.838E-19 4.854E-19
  223.10     223.17    44808.2  4.661E-19 4.653E-19 4.652E-19 4.652E-19 4.654E-19 4.658E-19 4.665E-19 4.673E-19 4.683E-19 4.695E-19 4.710E-19 4.726E-19
  222.86     222.93    44857.8  4.499E-19 4.493E-19 4.492E-19 4.492E-19 4.495E-19 4.499E-19 4.506E-19 4.514E-19 4.524E-19 4.537E-19 4.551E-19 4.567E-19
  222.61     222.68    44907.4  4.384E-19 4.377E-19 4.376E-19 4.376E-19 4.379E-19 4.382E-19 4.388E-19 4.396E-19 4.406E-19 4.417E-19 4.431E-19 4.446E-19
  222.37     222.43    44957.1  4.259E-19 4.251E-19 4.250E-19 4.250E-19 4.252E-19 4.256E-19 4.261E-19 4.269E-19 4.279E-19 4.290E-19 4.303E-19 4.318E-19
  222.12     222.19    45006.9  4.114E-19 4.108E-19 4.107E-19 4.108E-19 4.111E-19 4.116E-19 4.122E-19 4.130E-19 4.140E-19 4.151E-19 4.165E-19 4.180E-19
  221.87     221.94    45056.7  4.013E-19 4.007E-19 4.006E-19 4.006E-19 4.008E-19 4.012E-19 4.018E-19 4.025E-19 4.034E-19 4.046E-19 4.058E-19 4.073E-19
  221.63     221.70    45106.5  3.885E-19 3.878E-19 3.877E-19 3.877E-19 3.879E-19 3.883E-19 3.888E-19 3.896E-19 3.905E-19 3.916E-19 3.928E-19 3.943E-19
  221.38     221.45    45156.5  3.756E-19 3.751E-19 3.750E-19 3.751E-19 3.754E-19 3.758E-19 3.764E-19 3.771E-19 3.781E-19 3.792E-19 3.805E-19 3.820E-19
  221.14     221.21    45206.4  3.666E-19 3.661E-19 3.660E-19 3.660E-19 3.663E-19 3.667E-19 3.672E-19 3.679E-19 3.688E-19 3.699E-19 3.712E-19 3.726E-19
  220.89     220.96    45256.5  3.541E-19 3.535E-19 3.534E-19 3.535E-19 3.537E-19 3.541E-19 3.546E-19 3.553E-19 3.562E-19 3.573E-19 3.585E-19 3.599E-19
  220.65     220.72    45306.6  3.427E-19 3.421E-19 3.421E-19 3.421E-19 3.423E-19 3.427E-19 3.432E-19 3.439E-19 3.447E-19 3.458E-19 3.469E-19 3.483E-19
  220.41     220.47    45356.7  3.342E-19 3.336E-19 3.335E-19 3.336E-19 3.337E-19 3.341E-19 3.346E-19 3.353E-19 3.361E-19 3.371E-19 3.382E-19 3.395E-19
  220.16     220.23    45406.9  3.222E-19 3.218E-19 3.217E-19 3.218E-19 3.220E-19 3.224E-19 3.230E-19 3.237E-19 3.246E-19 3.256E-19 3.268E-19 3.281E-19
  219.92     219.99    45457.2  3.124E-19 3.119E-19 3.119E-19 3.119E-19 3.122E-19 3.125E-19 3.131E-19 3.138E-19 3.146E-19 3.156E-19 3.168E-19 3.181E-19
  219.68     219.74    45507.5  3.042E-19 3.037E-19 3.036E-19 3.037E-19 3.039E-19 3.042E-19 3.047E-19 3.054E-19 3.062E-19 3.072E-19 3.083E-19 3.095E-19
  219.43     219.50    45557.8  2.929E-19 2.925E-19 2.924E-19 2.925E-19 2.927E-19 2.931E-19 2.935E-19 2.942E-19 2.950E-19 2.959E-19 2.970E-19 2.982E-19
  219.19     219.26    45608.3  2.842E-19 2.837E-19 2.836E-19 2.837E-19 2.839E-19 2.842E-19 2.846E-19 2.852E-19 2.860E-19 2.868E-19 2.879E-19 2.891E-19
  218.95     219.02    45658.7  2.763E-19 2.759E-19 2.758E-19 2.759E-19 2.761E-19 2.765E-19 2.769E-19 2.776E-19 2.783E-19 2.792E-19 2.803E-19 2.815E-19
  218.71     218.77    45709.3  2.661E-19 2.657E-19 2.657E-19 2.659E-19 2.661E-19 2.665E-19 2.670E-19 2.676E-19 2.684E-19 2.694E-19 2.704E-19 2.717E-19
  218.46     218.53    45759.9  2.584E-19 2.579E-19 2.578E-19 2.579E-19 2.581E-19 2.584E-19 2.588E-19 2.594E-19 2.602E-19 2.610E-19 2.620E-19 2.632E-19
  218.22     218.29    45810.5  2.507E-19 2.503E-19 2.502E-19 2.503E-19 2.505E-19 2.508E-19 2.512E-19 2.518E-19 2.525E-19 2.534E-19 2.544E-19 2.555E-19
  217.98     218.05    45861.2  2.413E-19 2.410E-19 2.410E-19 2.411E-19 2.413E-19 2.416E-19 2.421E-19 2.426E-19 2.433E-19 2.442E-19 2.451E-19 2.462E-19
  217.74     217.81    45912.0  2.344E-19 2.339E-19 2.339E-19 2.339E-19 2.340E-19 2.343E-19 2.347E-19 2.352E-19 2.359E-19 2.367E-19 2.376E-19 2.386E-19
  217.50     217.57    45962.8  2.270E-19 2.267E-19 2.267E-19 2.268E-19 2.270E-19 2.273E-19 2.277E-19 2.283E-19 2.290E-19 2.298E-19 2.308E-19 2.318E-19
  217.26     217.33    46013.6  2.188E-19 2.186E-19 2.186E-19 2.187E-19 2.189E-19 2.193E-19 2.198E-19 2.203E-19 2.211E-19 2.219E-19 2.228E-19 2.239E-19
  217.02     217.09    46064.6  2.124E-19 2.120E-19 2.120E-19 2.120E-19 2.122E-19 2.124E-19 2.128E-19 2.133E-19 2.139E-19 2.147E-19 2.156E-19 2.166E-19
  216.78     216.85    46115.6  2.053E-19 2.050E-19 2.049E-19 2.050E-19 2.051E-19 2.054E-19 2.058E-19 2.063E-19 2.069E-19 2.077E-19 2.085E-19 2.095E-19
  216.54     216.61    46166.6  1.979E-19 1.977E-19 1.977E-19 1.978E-19 1.980E-19 1.983E-19 1.987E-19 1.992E-19 1.998E-19 2.005E-19 2.014E-19 2.023E-19
  216.30     216.37    46217.7  1.922E-19 1.919E-19 1.918E-19 1.918E-19 1.920E-19 1.922E-19 1.926E-19 1.931E-19 1.937E-19 1.944E-19 1.952E-19 1.961E-19
  216.06     216.13    46268.8  1.855E-19 1.853E-19 1.853E-19 1.854E-19 1.856E-19 1.858E-19 1.863E-19 1.868E-19 1.874E-19 1.881E-19 1.889E-19 1.899E-19
  215.82     215.89    46320.1  1.790E-19 1.788E-19 1.788E-19 1.789E-19 1.791E-19 1.794E-19 1.798E-19 1.803E-19 1.809E-19 1.816E-19 1.825E-19 1.834E-19
  215.58     215.65    46371.3  1.736E-19 1.733E-19 1.732E-19 1.732E-19 1.734E-19 1.736E-19 1.739E-19 1.743E-19 1.749E-19 1.755E-19 1.762E-19 1.771E-19
  215.34     215.41    46422.6  1.673E-19 1.670E-19 1.670E-19 1.671E-19 1.672E-19 1.675E-19 1.678E-19 1.683E-19 1.688E-19 1.694E-19 1.702E-19 1.710E-19
  215.11     215.17    46474.0  1.616E-19 1.614E-19 1.614E-19 1.615E-19 1.617E-19 1.619E-19 1.623E-19 1.628E-19 1.633E-19 1.640E-19 1.647E-19 1.656E-19
  214.87     214.94    46525.5  1.567E-19 1.564E-19 1.564E-19 1.565E-19 1.566E-19 1.568E-19 1.572E-19 1.576E-19 1.581E-19 1.587E-19 1.595E-19 1.603E-19
  214.63     214.70    46576.9  1.508E-19 1.505E-19 1.505E-19 1.506E-19 1.508E-19 1.510E-19 1.513E-19 1.518E-19 1.523E-19 1.529E-19 1.536E-19 1.544E-19
  214.39     214.46    46628.5  1.456E-19 1.454E-19 1.454E-19 1.455E-19 1.456E-19 1.459E-19 1.462E-19 1.466E-19 1.471E-19 1.478E-19 1.484E-19 1.492E-19
  214.16     214.22    46680.1  1.412E-19 1.409E-19 1.409E-19 1.409E-19 1.410E-19 1.413E-19 1.415E-19 1.419E-19 1.424E-19 1.430E-19 1.436E-19 1.444E-19
  213.92     213.99    46731.8  1.357E-19 1.355E-19 1.355E-19 1.356E-19 1.357E-19 1.360E-19 1.363E-19 1.367E-19 1.372E-19 1.377E-19 1.384E-19 1.392E-19
  213.68     213.75    46783.5  1.311E-19 1.309E-19 1.309E-19 1.310E-19 1.312E-19 1.314E-19 1.317E-19 1.321E-19 1.326E-19 1.331E-19 1.338E-19 1.345E-19
  213.45     213.51    46835.3  1.270E-19 1.268E-19 1.268E-19 1.268E-19 1.269E-19 1.271E-19 1.274E-19 1.278E-19 1.282E-19 1.287E-19 1.294E-19 1.300E-19
  213.21     213.28    46887.1  1.220E-19 1.218E-19 1.218E-19 1.219E-19 1.220E-19 1.222E-19 1.225E-19 1.229E-19 1.233E-19 1.238E-19 1.245E-19 1.251E-19
  212.98     213.04    46939.0  1.178E-19 1.176E-19 1.176E-19 1.177E-19 1.179E-19 1.181E-19 1.184E-19 1.187E-19 1.192E-19 1.197E-19 1.203E-19 1.209E-19
  212.74     212.81    46990.9  1.142E-19 1.139E-19 1.139E-19 1.140E-19 1.141E-19 1.143E-19 1.146E-19 1.149E-19 1.153E-19 1.158E-19 1.164E-19 1.170E-19
  212.50     212.57    47042.9  1.096E-19 1.094E-19 1.094E-19 1.095E-19 1.096E-19 1.099E-19 1.101E-19 1.105E-19 1.109E-19 1.114E-19 1.120E-19 1.126E-19
  212.27     212.34    47095.0  1.057E-19 1.056E-19 1.056E-19 1.056E-19 1.058E-19 1.060E-19 1.062E-19 1.066E-19 1.070E-19 1.074E-19 1.080E-19 1.086E-19
  212.03     212.10    47147.1  1.024E-19 1.022E-19 1.022E-19 1.022E-19 1.023E-19 1.025E-19 1.027E-19 1.030E-19 1.034E-19 1.038E-19 1.043E-19 1.049E-19
  211.80     211.87    47199.3  9.826E-20 9.814E-20 9.815E-20 9.822E-20 9.835E-20 9.854E-20 9.879E-20 9.911E-20 9.950E-20 9.996E-20 1.005E-19 1.011E-19
  211.57     211.63    47251.6  9.482E-20 9.470E-20 9.471E-20 9.478E-20 9.491E-20 9.509E-20 9.534E-20 9.566E-20 9.604E-20 9.648E-20 9.700E-20 9.757E-20
  211.33     211.40    47303.9  9.174E-20 9.155E-20 9.154E-20 9.158E-20 9.167E-20 9.183E-20 9.205E-20 9.234E-20 9.269E-20 9.311E-20 9.359E-20 9.414E-20
  211.10     211.17    47356.2  8.799E-20 8.787E-20 8.788E-20 8.794E-20 8.806E-20 8.824E-20 8.847E-20 8.876E-20 8.912E-20 8.954E-20 9.002E-20 9.056E-20
  210.87     210.93    47408.6  8.490E-20 8.480E-20 8.481E-20 8.487E-20 8.498E-20 8.515E-20 8.538E-20 8.567E-20 8.601E-20 8.642E-20 8.688E-20 8.741E-20
  210.63     210.70    47461.1  8.210E-20 8.193E-20 8.191E-20 8.195E-20 8.203E-20 8.218E-20 8.237E-20 8.263E-20 8.295E-20 8.332E-20 8.376E-20 8.425E-20
  210.40     210.47    47513.6  7.868E-20 7.857E-20 7.857E-20 7.863E-20 7.873E-20 7.889E-20 7.910E-20 7.936E-20 7.969E-20 8.007E-20 8.050E-20 8.100E-20
  210.17     210.23    47566.2  7.591E-20 7.582E-20 7.583E-20 7.590E-20 7.601E-20 7.617E-20 7.639E-20 7.666E-20 7.698E-20 7.736E-20 7.780E-20 7.829E-20
  209.93     210.00    47618.8  7.340E-20 7.327E-20 7.327E-20 7.331E-20 7.340E-20 7.354E-20 7.374E-20 7.399E-20 7.429E-20 7.465E-20 7.506E-20 7.553E-20
  209.70     209.77    47671.5  7.030E-20 7.020E-20 7.020E-20 7.025E-20 7.035E-20 7.049E-20 7.069E-20 7.093E-20 7.123E-20 7.158E-20 7.198E-20 7.243E-20
  209.47     209.54    47724.3  6.775E-20 6.766E-20 6.767E-20 6.773E-20 6.782E-20 6.796E-20 6.815E-20 6.839E-20 6.867E-20 6.901E-20 6.940E-20 6.984E-20
  209.24     209.31    47777.1  6.551E-20 6.538E-20 6.537E-20 6.540E-20 6.548E-20 6.560E-20 6.577E-20 6.599E-20 6.626E-20 6.657E-20 6.694E-20 6.736E-20
  209.01     209.07    47830.0  6.272E-20 6.262E-20 6.263E-20 6.267E-20 6.276E-20 6.289E-20 6.307E-20 6.330E-20 6.357E-20 6.389E-20 6.426E-20 6.467E-20
  208.78     208.84    47882.9  6.042E-20 6.035E-20 6.037E-20 6.043E-20 6.053E-20 6.067E-20 6.085E-20 6.108E-20 6.136E-20 6.168E-20 6.205E-20 6.246E-20
  208.55     208.61    47935.9  5.843E-20 5.833E-20 5.833E-20 5.837E-20 5.846E-20 5.858E-20 5.875E-20 5.896E-20 5.921E-20 5.952E-20 5.986E-20 6.026E-20
  208.31     208.38    47989.0  5.589E-20 5.580E-20 5.581E-20 5.584E-20 5.592E-20 5.604E-20 5.620E-20 5.640E-20 5.664E-20 5.693E-20 5.726E-20 5.763E-20
  208.08     208.15    48042.1  5.375E-20 5.368E-20 5.368E-20 5.372E-20 5.380E-20 5.392E-20 5.407E-20 5.427E-20 5.450E-20 5.478E-20 5.510E-20 5.546E-20
  207.85     207.92    48095.3  5.201E-20 5.192E-20 5.191E-20 5.195E-20 5.202E-20 5.213E-20 5.227E-20 5.246E-20 5.269E-20 5.296E-20 5.327E-20 5.362E-20
  207.62     207.69    48148.5  4.978E-20 4.971E-20 4.972E-20 4.976E-20 4.984E-20 4.995E-20 5.011E-20 5.030E-20 5.053E-20 5.080E-20 5.111E-20 5.146E-20
  207.39     207.46    48201.8  4.781E-20 4.776E-20 4.777E-20 4.782E-20 4.790E-20 4.802E-20 4.817E-20 4.836E-20 4.858E-20 4.885E-20 4.915E-20 4.950E-20
  207.17     207.23    48255.1  4.624E-20 4.616E-20 4.616E-20 4.619E-20 4.625E-20 4.635E-20 4.649E-20 4.666E-20 4.687E-20 4.712E-20 4.740E-20 4.773E-20
  206.94     207.00    48308.5  4.425E-20 4.417E-20 4.418E-20 4.421E-20 4.427E-20 4.437E-20 4.450E-20 4.467E-20 4.487E-20 4.511E-20 4.538E-20 4.569E-20
  206.71     206.77    48362.0  4.244E-20 4.239E-20 4.240E-20 4.243E-20 4.250E-20 4.260E-20 4.273E-20 4.290E-20 4.310E-20 4.333E-20 4.360E-20 4.390E-20
  206.48     206.55    48415.5  4.105E-20 4.098E-20 4.099E-20 4.102E-20 4.108E-20 4.117E-20 4.130E-20 4.145E-20 4.165E-20 4.187E-20 4.213E-20 4.242E-20
  206.25     206.32    48469.1  3.931E-20 3.925E-20 3.926E-20 3.929E-20 3.936E-20 3.945E-20 3.958E-20 3.974E-20 3.993E-20 4.015E-20 4.040E-20 4.069E-20
  206.02     206.09    48522.8  3.764E-20 3.760E-20 3.761E-20 3.765E-20 3.772E-20 3.781E-20 3.794E-20 3.809E-20 3.828E-20 3.849E-20 3.874E-20 3.902E-20
  205.80     205.86    48576.5  3.639E-20 3.633E-20 3.633E-20 3.636E-20 3.641E-20 3.649E-20 3.661E-20 3.675E-20 3.692E-20 3.713E-20 3.736E-20 3.763E-20
  205.57     205.63    48630.2  3.486E-20 3.480E-20 3.480E-20 3.483E-20 3.489E-20 3.497E-20 3.508E-20 3.521E-20 3.538E-20 3.558E-20 3.581E-20 3.606E-20
  205.34     205.41    48684.1  3.334E-20 3.330E-20 3.331E-20 3.334E-20 3.340E-20 3.349E-20 3.360E-20 3.374E-20 3.390E-20 3.410E-20 3.432E-20 3.457E-20
  205.11     205.18    48737.9  3.222E-20 3.217E-20 3.218E-20 3.221E-20 3.226E-20 3.234E-20 3.244E-20 3.258E-20 3.273E-20 3.292E-20 3.313E-20 3.338E-20
  204.89     204.95    48791.9  3.090E-20 3.085E-20 3.085E-20 3.088E-20 3.093E-20 3.100E-20 3.111E-20 3.123E-20 3.139E-20 3.157E-20 3.178E-20 3.201E-20
  204.66     204.73    48845.9  2.949E-20 2.945E-20 2.946E-20 2.949E-20 2.955E-20 2.962E-20 2.972E-20 2.985E-20 3.000E-20 3.017E-20 3.038E-20 3.061E-20
  204.43     204.50    48899.9  2.847E-20 2.843E-20 2.843E-20 2.846E-20 2.851E-20 2.858E-20 2.867E-20 2.879E-20 2.893E-20 2.910E-20 2.929E-20 2.951E-20
  204.21     204.27    48954.1  2.734E-20 2.730E-20 2.730E-20 2.733E-20 2.738E-20 2.744E-20 2.754E-20 2.765E-20 2.779E-20 2.795E-20 2.814E-20 2.835E-20
  203.98     204.05    49008.2  2.607E-20 2.604E-20 2.605E-20 2.608E-20 2.612E-20 2.619E-20 2.629E-20 2.640E-20 2.654E-20 2.670E-20 2.688E-20 2.708E-20
  203.76     203.82    49062.5  2.513E-20 2.509E-20 2.510E-20 2.512E-20 2.516E-20 2.523E-20 2.531E-20 2.542E-20 2.555E-20 2.570E-20 2.587E-20 2.607E-20
  203.53     203.60    49116.8  2.416E-20 2.412E-20 2.412E-20 2.415E-20 2.419E-20 2.425E-20 2.433E-20 2.443E-20 2.456E-20 2.470E-20 2.487E-20 2.506E-20
  203.31     203.37    49171.1  2.302E-20 2.299E-20 2.300E-20 2.302E-20 2.307E-20 2.313E-20 2.321E-20 2.332E-20 2.344E-20 2.359E-20 2.375E-20 2.394E-20
  203.08     203.15    49225.6  2.215E-20 2.212E-20 2.212E-20 2.214E-20 2.218E-20 2.224E-20 2.232E-20 2.242E-20 2.254E-20 2.267E-20 2.283E-20 2.301E-20
  202.86     202.92    49280.0  2.132E-20 2.129E-20 2.129E-20 2.131E-20 2.135E-20 2.140E-20 2.148E-20 2.157E-20 2.168E-20 2.182E-20 2.197E-20 2.214E-20
  202.63     202.70    49334.6  2.030E-20 2.028E-20 2.029E-20 2.031E-20 2.035E-20 2.041E-20 2.048E-20 2.057E-20 2.068E-20 2.081E-20 2.096E-20 2.113E-20
  202.41     202.47    49389.2  1.949E-20 1.946E-20 1.947E-20 1.949E-20 1.952E-20 1.958E-20 1.965E-20 1.974E-20 1.984E-20 1.996E-20 2.011E-20 2.027E-20
  202.18     202.25    49443.8  1.879E-20 1.875E-20 1.876E-20 1.878E-20 1.881E-20 1.886E-20 1.893E-20 1.901E-20 1.911E-20 1.923E-20 1.937E-20 1.952E-20
  201.96     202.03    49498.6  1.790E-20 1.788E-20 1.789E-20 1.791E-20 1.794E-20 1.799E-20 1.806E-20 1.815E-20 1.825E-20 1.836E-20 1.850E-20 1.865E-20
  201.74     201.80    49553.4  1.713E-20 1.711E-20 1.711E-20 1.713E-20 1.717E-20 1.721E-20 1.728E-20 1.736E-20 1.745E-20 1.756E-20 1.769E-20 1.784E-20
  201.51     201.58    49608.2  1.652E-20 1.649E-20 1.649E-20 1.650E-20 1.653E-20 1.658E-20 1.664E-20 1.671E-20 1.680E-20 1.691E-20 1.703E-20 1.717E-20
  201.29     201.36    49663.1  1.576E-20 1.574E-20 1.575E-20 1.577E-20 1.580E-20 1.585E-20 1.591E-20 1.598E-20 1.607E-20 1.618E-20 1.630E-20 1.643E-20
  201.07     201.13    49718.1  1.505E-20 1.504E-20 1.504E-20 1.506E-20 1.509E-20 1.514E-20 1.520E-20 1.527E-20 1.536E-20 1.546E-20 1.557E-20 1.571E-20
  200.85     200.91    49773.1  1.450E-20 1.448E-20 1.448E-20 1.449E-20 1.452E-20 1.456E-20 1.461E-20 1.468E-20 1.476E-20 1.486E-20 1.497E-20 1.509E-20
  200.62     200.69    49828.2  1.385E-20 1.383E-20 1.384E-20 1.385E-20 1.388E-20 1.392E-20 1.397E-20 1.404E-20 1.412E-20 1.421E-20 1.432E-20 1.444E-20
  200.40     200.47    49883.3  1.320E-20 1.319E-20 1.319E-20 1.321E-20 1.324E-20 1.328E-20 1.333E-20 1.339E-20 1.347E-20 1.356E-20 1.366E-20 1.378E-20
  200.18     200.25    49938.5  1.271E-20 1.269E-20 1.269E-20 1.271E-20 1.273E-20 1.277E-20 1.282E-20 1.288E-20 1.295E-20 1.303E-20 1.313E-20 1.324E-20
  199.96     200.02    49993.8  1.217E-20 1.215E-20 1.216E-20 1.217E-20 1.220E-20 1.223E-20 1.228E-20 1.234E-20 1.241E-20 1.250E-20 1.260E-20 1.270E-20
