!HONO.
!! HONO + HV => OH + NO
!! Cross sections (σ, cm2 molecule-1) for HONO as a function of wavelength; recommendations of NASA (2006) from Stutz et al. 2000)
!! Data from Calvert book : The Mechanisms of Atmospheric Oxidation of The Oxygenates 
292.0      2.90E-21      1.00
292.5      2.80E-21      1.00
293.0      2.70E-21      1.00
293.5      1.90E-21      1.00
294.0      1.80E-21      1.00
294.5      1.60E-21      1.00
295.0      2.10E-21      1.00
295.5      2.40E-21      1.00
296.0      3.30E-21      1.00
296.5      4.30E-21      1.00
297.0      5.70E-21      1.00
297.5      6.30E-21      1.00
298.0      5.10E-21      1.00
298.5      4.30E-21      1.00
299.0      4.30E-21      1.00
299.5      4.60E-21      1.00
300.0      6.10E-21      1.00
300.5      8.10E-21      1.00
301.0      6.90E-21      1.00
301.5      5.50E-21      1.00
302.0      5.70E-21      1.00
302.5      7.60E-21      1.00
303.0      9.50E-21      1.00
303.5      9.10E-21      1.00
304.0      1.04E-20      1.00
304.5      1.28E-20      1.00
305.0      1.64E-20      1.00
305.5      1.58E-20      1.00
306.0      1.28E-20      1.00
306.5      1.02E-20      1.00
307.0      8.60E-21      1.00
307.5      1.06E-20      1.00
308.0      1.43E-20      1.00
308.5      1.91E-20      1.00
309.0      2.08E-20      1.00
309.5      1.77E-20      1.00
310.0      1.45E-20      1.00
310.5      1.52E-20      1.00
311.0      2.04E-20      1.00
311.5      2.68E-20      1.00
312.0      2.42E-20      1.00
312.5      2.06E-20      1.00
313.0      2.19E-20      1.00
313.5      2.79E-20      1.00
314.0      3.46E-20      1.00
314.5      3.32E-20      1.00
315.0      2.53E-20      1.00
315.5      1.78E-20      1.00
316.0      1.53E-20      1.00
316.5      2.02E-20      1.00
317.0      3.18E-20      1.00
317.5      4.51E-20      1.00
318.0      4.63E-20      1.00
318.5      3.68E-20      1.00
319.0      3.10E-20      1.00
319.5      3.26E-20      1.00
320.0      4.55E-20      1.00
320.5      6.41E-20      1.00
321.0      6.11E-20      1.00
321.5      4.69E-20      1.00
322.0      3.97E-20      1.00
322.5      3.88E-20      1.00
323.0      4.50E-20      1.00
323.5      5.61E-20      1.00
324.0      6.04E-20      1.00
324.5      5.33E-20      1.00
325.0      4.00E-20      1.00
325.5      2.93E-20      1.00
326.0      2.65E-20      1.00
326.5      3.55E-20      1.00
327.0      6.44E-20      1.00
327.5      1.03E-19      1.00
328.0      9.22E-20      1.00
328.5      6.38E-20      1.00
329.0      5.20E-20      1.00
329.5      6.11E-20      1.00
330.0      9.92E-20      1.00
330.5      1.51E-19      1.00
331.0      1.43E-19      1.00
331.5      9.88E-20      1.00
332.0      6.94E-20      1.00
332.5      6.00E-20      1.00
333.0      6.31E-20      1.00
333.5      7.11E-20      1.00
334.0      8.35E-20      1.00
334.5      8.37E-20      1.00
335.0      7.71E-20      1.00
335.5      6.55E-20      1.00
336.0      5.33E-20      1.00
336.5      4.36E-20      1.00
337.0      4.23E-20      1.00
337.5      5.13E-20      1.00
338.0      9.38E-20      1.00
338.5      1.65E-19      1.00
339.0      1.43E-19      1.00
339.5      9.96E-20      1.00
340.0      7.79E-20      1.00
340.5      8.51E-20      1.00
341.0      1.61E-19      1.00
341.5      3.15E-19      1.00
342.0      2.94E-19      1.00
342.5      1.85E-19      1.00
343.0      1.14E-19      1.00
343.5      8.29E-20      1.00
344.0      7.59E-20      1.00
344.5      8.18E-20      1.00
345.0      8.77E-20      1.00
345.5      9.10E-20      1.00
346.0      9.64E-20      1.00
346.5      8.87E-20      1.00
347.0      7.80E-20      1.00
347.5      7.06E-20      1.00
348.0      6.63E-20      1.00
348.5      6.26E-20      1.00
349.0      6.00E-20      1.00
349.5      6.47E-20      1.00
350.0      9.06E-20      1.00
350.5      1.50E-19      1.00
351.0      1.69E-19      1.00
351.5      1.41E-19      1.00
352.0      1.24E-19      1.00
352.5      1.28E-19      1.00
353.0      1.63E-19      1.00
353.5      2.85E-19      1.00
354.0      4.87E-19      1.00
354.5      4.43E-19      1.00
355.0      2.76E-19      1.00
355.5      1.64E-19      1.00
356.0      1.11E-19      1.00
356.5      9.34E-20      1.00
357.0      9.45E-20      1.00
357.5      1.01E-19      1.00
358.0      9.84E-20      1.00
358.5      9.02E-20      1.00
359.0      8.37E-20      1.00
359.5      7.67E-20      1.00
360.0      6.87E-20      1.00
360.5      6.32E-20      1.00
361.0      6.05E-20      1.00
361.5      5.95E-20      1.00
362.0      5.98E-20      1.00
362.5      6.35E-20      1.00
363.0      7.39E-20      1.00
363.5      9.22E-20      1.00
364.0      1.15E-19      1.00
364.5      1.27E-19      1.00
365.0      1.28E-19      1.00
365.5      1.32E-19      1.00
366.0      1.48E-19      1.00
366.5      1.84E-19      1.00
367.0      2.51E-19      1.00
367.5      3.52E-19      1.00
368.0      4.36E-19      1.00
368.5      4.14E-19      1.00
369.0      3.15E-19      1.00
369.5      2.17E-19      1.00
370.0      1.51E-19      1.00
370.5      1.13E-19      1.00
371.0      9.36E-20      1.00
371.5      8.53E-20      1.00
372.0      7.98E-20      1.00
372.5      7.25E-20      1.00
373.0      6.31E-20      1.00
373.5      5.36E-20      1.00
374.0      4.59E-20      1.00
374.5      3.91E-20      1.00
375.0      3.52E-20      1.00
375.5      3.34E-20      1.00
376.0      3.33E-20      1.00
376.5      3.51E-20      1.00
377.0      3.66E-20      1.00
377.5      3.87E-20      1.00
378.0      4.31E-20      1.00
378.5      4.92E-20      1.00
379.0      5.65E-20      1.00
379.5      6.46E-20      1.00
380.0      7.21E-20      1.00
380.5      8.00E-20      1.00
381.0      9.09E-20      1.00
381.5      1.05E-19      1.00
382.0      1.24E-19      1.00
382.5      1.46E-19      1.00
383.0      1.71E-19      1.00
383.5      1.91E-19      1.00
384.0      1.97E-19      1.00
384.5      1.86E-19      1.00
385.0      1.62E-19      1.00
385.5      1.32E-19      1.00
386.0      1.05E-19      1.00
386.5      8.20E-20      1.00
387.0      6.54E-20      1.00
387.5      5.29E-20      1.00
388.0      4.29E-20      1.00
388.5      3.44E-20      1.00
389.0      2.80E-20      1.00
389.5      2.21E-20      1.00
390.0      1.69E-20      1.00
390.5      1.29E-20      1.00
391.0      9.80E-21      1.00
391.5      8.10E-21      1.00
392.0      7.20E-21      1.00
392.5      6.50E-21      1.00
393.0      6.00E-21      1.00
393.5      5.70E-21      1.00
394.0      5.30E-21      1.00
394.5      4.50E-21      1.00
395.0      4.00E-21      1.00
395.5      3.80E-21      1.00
396.0      2.40E-21      1.00
396.5      1.20E-21      1.00
397.0      7.00E-22      1.00
397.5      4.00E-22      1.00
398.0      1.00E-21      1.00
398.5      1.00E-21      1.00
END
