!          IUPAC99
! methylnitrate
       240  5.88E-20         1.
       245  4.19E-20         1.
       250  3.59E-20         1.
       255  3.30E-20         1.
       260  3.06E-20         1.
       265  2.77E-20         1.
       270  2.39E-20         1.
       275  2.00E-20         1.
       280  1.58E-20         1.
       285  1.19E-20         1.
       290  8.50E-21         1.
       295  5.68E-21         1.
       300  3.60E-21         1.
       305  2.14E-21         1.
       310  1.34E-21         1.
       315  6.33E-22         1.
       320  3.16E-22         1.
       325  1.44E-22         1.
       330  6.61E-23         1.
       335  2.74E-23         1.
       340  1.22E-23         1.
       345  4.30E-24         1.
       350  0.00E+00         1.
END
