!          IUPAC99
!         ethylnitrate
       185  1.71E-17         1.
       190  1.71E-17         1.
       195  1.49E-17         1.
       200  1.14E-17         1.
       205  7.38E-18         1.
       210  4.00E-18         1.
       215  1.95E-18         1.
       220  9.10E-19         1.
       225  4.50E-19         1.
       230  2.40E-19         1.
       235  1.19E-19         1.
       240  7.70E-20         1.
       245  5.40E-20         1.
       250  4.50E-20         1.
       255  4.10E-20         1.
       260  3.90E-20         1.
       265  3.60E-20         1.
       270  3.10E-20         1.
       275  2.70E-20         1.
       280  2.20E-20         1.
       285  1.70E-20         1.
       290  1.20E-20         1.
       295  8.50E-21         1.
       300  5.50E-21         1.
       305  3.30E-21         1.
       310  1.90E-21         1.
       315  1.00E-21         1.
       320  5.10E-22         1.
       325  2.60E-22         1.
       330  1.20E-22         1.
       335  4.90E-23         1.
       340  2.50E-23         1.
       345  9.22E-24         1.
       350  3.53E-24         1.
       355  0.00E+00         1.
END
