!          IUPAC
!   n-C3H7ONO2
       185  1.81E-17         1.
       190  1.80E-17         1.
       195  1.60E-17         1.
       200  1.26E-17         1.
       205  8.55E-18         1.
       210  4.89E-18         1.
       215  2.44E-18         1.
       220  1.05E-18         1.
       225  5.00E-19         1.
       230  2.70E-19         1.
       235  1.50E-19         1.
       240  8.90E-20         1.
       245  6.00E-20         1.
       250  4.80E-20         1.
       255  4.40E-20         1.
       260  4.00E-20         1.
       265  3.60E-20         1.
       270  3.20E-20         1.
       275  2.80E-20         1.
       280  2.30E-20         1.
       285  1.80E-20         1.
       290  1.30E-20         1.
       295  9.50E-21         1.
       300  5.70E-21         1.
       305  3.40E-21         1.
       310  1.90E-21         1.
       315  1.00E-21         1.
       320  5.30E-22         1.
       325  3.10E-22         1.
       330  2.20E-22         1.
       335  1.80E-22         1.
       340  1.60E-22         1.
       345  9.30E-23         1.
       350  7.01E-23         1.
       355  5.46E-23         1.
       360  4.39E-23         1.
       365  3.64E-23         1.
       370  3.12E-23         1.
       375  2.76E-23         1.
       380  2.51E-23         1.
       385  2.37E-23         1.
       390  2.30E-23         1.
       395  0.00E+00         1.
END
