!          IUPAC
!   i-C3H7ONO2
       185      1790E-20    1.
       190      1790E-20    1.
       195      1610E-20    1.
       200      1260E-20    1.
       205       867E-20    1.
       210       498E-20    1.
       215       247E-20    1.
       220       125E-20    1.
       225        62E-20    1.
       230        34E-20    1.
       235        18E-20    1.
       240        11E-20    1.
       245         7E-20    1.
       250       5.4E-20    1.
       255       4.9E-20    1.
       260       4.6E-20    1.
       265       4.3E-20    1.
       270       3.9E-20    1.
       275       3.4E-20    1.
       280       2.8E-20    1.
       285       2.2E-20    1.
       290       1.6E-20    1.
       295       1.2E-20    1.
       300      0.78E-20    1.
       305       0.5E-20    1.
       310      0.29E-20    1.
       315      0.17E-20    1.
       320     0.085E-20    1.
       325     0.044E-20    1.
       330     0.022E-20    1.
       335     0.011E-20    1.
       340    0.0053E-20    1.
       345    0.0018E-20    1.
       350    0.0008E-20    1.
       355   0.00029E-20    1.
       360   0.00018E-20    1.
END
