!          IUPAC
!   1-butylnitrate
       185  1.81E-17         1.
       190  1.81E-17         1.
       195  1.62E-17         1.
       200  1.30E-17         1.
       205  8.89E-18         1.
       210  5.18E-18         1.
       215  2.63E-18         1.
       220  1.11E-18         1.
       225  5.80E-19         1.
       230  3.00E-19         1.
       235  1.70E-19         1.
       240  9.80E-20         1.
       245  6.30E-20         1.
       250  5.30E-20         1.
       255  4.60E-20         1.
       260  4.30E-20         1.
       265  3.90E-20         1.
       270  3.40E-20         1.
       275  3.00E-20         1.
       280  2.40E-20         1.
       285  1.90E-20         1.
       290  1.40E-20         1.
       295  8.90E-21         1.
       300  5.70E-21         1.
       305  3.40E-21         1.
       310  1.90E-21         1.
       315  1.00E-21         1.
       320  5.10E-22         1.
       325  3.10E-22         1.
       330  2.10E-22         1.
       335  1.60E-22         1.
       340  1.30E-22         1.
       345  7.49E-23         1.
       350  5.33E-23         1.
       355  3.90E-23         1.
       360  2.92E-23         1.
       365  2.24E-23         1.
       370  1.77E-23         1.
       375  1.43E-23         1.
       380  1.19E-23         1.
       385  1.01E-23         1.
       390  8.81E-24         1.
       395  7.89E-24         1.
       400  7.24E-24         1.
       405  6.82E-24         1.
       410  6.59E-24         1.
       415  6.52E-24         1.
       420  0.00E+00         1.
END
