!Roberts (89)
!    
!2-pentylnitrate
       270  4.35E-20         1.
       275  3.83E-20         1.
       280  3.17E-20         1.
       285  2.47E-20         1.
       290  1.81E-20         1.
       295  1.24E-20         1.
       300  8.04E-21         1.
       305  4.89E-21         1.
       310  2.80E-21         1.
       315  1.51E-21         1.
       320  7.62E-22         1.
       325  3.62E-22         1.
       330  1.62E-22         1.
       335  6.82E-23         1.
       340  2.70E-23         1.
       345  1.00E-23         1.
       350  3.51E-24         1.
END
