!Roberts (89)
!    
!3-pentylnitrate
       270  4.32E-20         1.
       275  3.97E-20         1.
       280  3.39E-20         1.
       285  2.70E-20         1.
       290  2.00E-20         1.
       295  1.37E-20         1.
       300  8.80E-21         1.
       305  5.24E-21         1.
       310  2.90E-21         1.
       315  1.50E-21         1.
       320  7.17E-22         1.
       325  3.20E-22         1.
       330  1.33E-22         1.
       335  5.12E-23         1.
       340  1.84E-23         1.
       345  6.15E-24         1.
       350  1.91E-24         1.
END
