!          Clemitshaw(97)
!          2methyl1propylnitrate
       220 1.033E-18         1.
       225  5.49E-19         1.
       230  3.07E-19         1.
       235  1.62E-19         1.
       240  9.65E-20         1.
       245  6.67E-20         1.
       250  5.17E-20         1.
       255  4.17E-20         1.
       260  4.07E-20         1.
       265  3.69E-20         1.
       270  3.22E-20         1.
       275  2.77E-20         1.
       280  2.26E-20         1.
       285  1.76E-20         1.
       290  1.28E-20         1.
       295  9.03E-21         1.
       300  5.92E-21         1.
       305  3.60E-21         1.
       310  2.11E-21         1.
       315  1.20E-21         1.
       320  6.67E-22         1.
       325  3.62E-22         1.
       330  2.34E-22         1.
       335  1.57E-22         1.
       340  1.13E-22         1.
       345  5.93E-23         1.
       350  3.63E-23         1.
       355  2.23E-23         1.
       360  1.37E-23         1.
       365  8.44E-24         1.
       370  5.21E-24         1.
       375  3.22E-24         1.
       380  0.00E+00         1.
END
