!IUPAC99   cross-sect
!acetaldehyde
!CH3+CHO
       202  5.60E-22         0.
       206  5.30E-22         0.
       210  4.90E-22         0.
       214  4.80E-22         0.
       218  5.20E-22         0.
       222  6.50E-22      0.01
       226  9.60E-22      0.04
       230  1.51E-21      0.07
       234  2.41E-21      0.10
       238  3.75E-21      0.13
       242  5.64E-21      0.17
       246  8.18E-21      0.20
       250  1.13E-20      0.23
       254  1.52E-20      0.26
       258  1.99E-20      0.29
       262  2.44E-20      0.33
       266  3.05E-20      0.36
       270  3.42E-20      0.39
       274  4.03E-20      0.47
       278  4.19E-20      0.54
       280  4.50E-20      0.58
       281  4.69E-20      0.58
       282  4.72E-20      0.57
       283  4.75E-20      0.57
       284  4.61E-20      0.56
       285  4.49E-20      0.56
       286  4.44E-20      0.55
       287  4.59E-20      0.55
       288  4.72E-20      0.54
       289  4.77E-20      0.54
       290  4.89E-20      0.53
       291  4.78E-20      0.52
       292  4.68E-20      0.51
       293  4.53E-20      0.50
       294  4.33E-20      0.49
       295  4.22E-20      0.48
       296  4.24E-20      0.47
       297  4.38E-20      0.46
       298  4.41E-20      0.45
       299  4.26E-20      0.44
       300  4.16E-20      0.43
       301  3.99E-20      0.42
       302  3.86E-20      0.41
       303  3.72E-20      0.39
       304  3.48E-20      0.38
       305  3.42E-20      0.37
       306  3.42E-20      0.35
       307  3.36E-20      0.34
       308  3.33E-20      0.32
       309  3.14E-20      0.31
       310  2.93E-20      0.29
       311  2.76E-20      0.27
       312  2.53E-20      0.24
       313  2.47E-20      0.22
       314  2.44E-20      0.19
       315  2.20E-20      0.17
       316  2.04E-20      0.16
       317  2.07E-20      0.14
       318  1.98E-20      0.13
       319  1.87E-20      0.11
       320  1.72E-20      0.10
       321  1.48E-20      0.09
       322  1.40E-20      0.08
       323  1.24E-20      0.06
       324  1.09E-20      0.05
       325  1.14E-20      0.04
       326  1.07E-20      0.03
       327  8.58E-21      0.02
       328  7.47E-21      0.02
       329  7.07E-21      0.01
       330  6.88E-21      0.00
       331  5.88E-21         0.
       332  5.30E-21         0.
       333  3.98E-21         0.
       334  3.63E-21         0.
       335  3.50E-21         0.
       336  2.38E-21         0.
       337  2.22E-21         0.
       338  2.05E-21         0.
       339  2.19E-21         0.
       340  1.50E-21         0.
       341  7.40E-22         0.
       342  4.20E-22         0.
       343  3.10E-22         0.
       344  2.60E-22         0.
       345  2.10E-22         0.
       346  1.90E-22         0.
       347  1.50E-22         0.
       348  1.60E-22         0.
       349  1.00E-22         0.
       350  8.00E-23         0.
       351  7.00E-23         0.
       352  6.00E-23         0.
       353  5.00E-23         0.
       354  5.00E-23         0.
       355  4.00E-23         0.
       356  5.00E-23         0.
       357  3.00E-23         0.
       358  4.00E-23         0.
       359  2.00E-23         0.
       360  3.00E-23         0.
       361  2.00E-23         0.
       362  1.00E-23         0.
       363  0.00E+00         0.
       364  0.00E+00         0.
       365  0.00E+00         0.
END
