!n-butyraldehyde 
!Absorption cross section : Martinez 92
!Quantum yield : Moortgat 99
       202   1.8E-22      0.19
       206   3.2E-22      0.19
       210   4.8E-22      0.19
       214   6.3E-22      0.19
       218   7.8E-22      0.19
       222   8.6E-22      0.19
       226  1.03E-21      0.19
       230  1.35E-21      0.19
       234  2.04E-21      0.19
       238   3.2E-21      0.19
       242  4.94E-21      0.19
       246  7.32E-21      0.19
       250 1.057E-20      0.19
       254 1.462E-20      0.19
       258 1.955E-20      0.19
       262  2.55E-20      0.19
       266  3.13E-20      0.19
       270  3.85E-20      0.19
       274  4.39E-20      0.19
       278  5.08E-20      0.19
       280  5.24E-20      0.19
       281  5.28E-20      0.19
       282  5.36E-20      0.19
       283  5.51E-20      0.19
       284  5.71E-20      0.19
       285  5.88E-20      0.19
       286  5.97E-20      0.19
       287  5.96E-20      0.19
       288  5.92E-20      0.19
       289  5.87E-20      0.19
       290  5.85E-20      0.19
       291   5.9E-20      0.19
       292     6E-20      0.19
       293  6.12E-20      0.19
       294  6.17E-20      0.19
       295   6.1E-20      0.19
       296  5.94E-20      0.19
       297  5.76E-20      0.19
       298  5.62E-20      0.19
       299  5.52E-20      0.19
       300  5.48E-20      0.19
       301  5.49E-20      0.19
       302   5.5E-20      0.19
       303  5.49E-20      0.19
       304  5.38E-20      0.19
       305  5.14E-20      0.19
       306  4.84E-20      0.19
       307  4.55E-20      0.19
       308  4.34E-20      0.19
       309   4.2E-20      0.19
       310  4.12E-20      0.19
       311  4.05E-20      0.19
       312  3.97E-20      0.19
       313  3.86E-20      0.19
       314  3.73E-20      0.19
       315   3.5E-20      0.19
       316  3.21E-20      0.19
       317  2.88E-20      0.19
       318   2.6E-20      0.19
       319   2.4E-20      0.19
       320  2.28E-20      0.19
       321   2.2E-20      0.19
       322  2.09E-20      0.19
       323 1.979E-20      0.19
       324 1.841E-20      0.19
       325 1.708E-20      0.19
       326 1.566E-20      0.19
       327 1.408E-20      0.19
       328 1.237E-20      0.19
       329 1.047E-20      0.19
       330  8.78E-21      0.19
       331  7.42E-21      0.19
       332  6.54E-21      0.19
       333  6.09E-21      0.19
       334   5.6E-21      0.19
       335  4.91E-21      0.19
       336  4.22E-21      0.19
       337   3.5E-21      0.19
       338  2.88E-21      0.19
       339  2.45E-21      0.19
       340  2.17E-21      0.19
       341  1.93E-21      0.19
       342  1.46E-21      0.19
       343   9.4E-22      0.19
       344     6E-22      0.19
       345   4.2E-22      0.19
       346   3.1E-22      0.19
       347   2.6E-22      0.19
       348   2.3E-22      0.19
       349   1.8E-22      0.19
       350   1.5E-22      0.19
       351   1.4E-22      0.19
       352   1.2E-22      0.19
       353     1E-22      0.19
       354     8E-23      0.19
       355     6E-23      0.19
       356     5E-23      0.19
       357     3E-23      0.19
       358     3E-23      0.19
       359     2E-23      0.19
       360     2E-23      0.19
       361     2E-23      0.19
       362     1E-23      0.19
       363     1E-23      0.19
       364     1E-23      0.19
       365     1E-23      0.19
END
