!n-butyraldehyde 
!Abs. cross section : Martinez 92
!Quantum yield : Moortgat 99
       202   1.8E-22      0.06
       206   3.2E-22      0.06
       210   4.8E-22      0.06
       214   6.3E-22      0.06
       218   7.8E-22      0.06
       222   8.6E-22      0.06
       226  1.03E-21      0.06
       230  1.35E-21      0.06
       234  2.04E-21      0.06
       238   3.2E-21      0.06
       242  4.94E-21      0.06
       246  7.32E-21      0.06
       250 1.057E-20      0.06
       254 1.462E-20      0.06
       258 1.955E-20      0.06
       262  2.55E-20      0.06
       266  3.13E-20      0.06
       270  3.85E-20      0.06
       274  4.39E-20      0.06
       278  5.08E-20      0.06
       280  5.24E-20      0.06
       281  5.28E-20      0.06
       282  5.36E-20      0.06
       283  5.51E-20      0.06
       284  5.71E-20      0.06
       285  5.88E-20      0.06
       286  5.97E-20      0.06
       287  5.96E-20      0.06
       288  5.92E-20      0.06
       289  5.87E-20      0.06
       290  5.85E-20      0.06
       291   5.9E-20      0.06
       292     6E-20      0.06
       293  6.12E-20      0.06
       294  6.17E-20      0.06
       295   6.1E-20      0.06
       296  5.94E-20      0.06
       297  5.76E-20      0.06
       298  5.62E-20      0.06
       299  5.52E-20      0.06
       300  5.48E-20      0.06
       301  5.49E-20      0.06
       302   5.5E-20      0.06
       303  5.49E-20      0.06
       304  5.38E-20      0.06
       305  5.14E-20      0.06
       306  4.84E-20      0.06
       307  4.55E-20      0.06
       308  4.34E-20      0.06
       309   4.2E-20      0.06
       310  4.12E-20      0.06
       311  4.05E-20      0.06
       312  3.97E-20      0.06
       313  3.86E-20      0.06
       314  3.73E-20      0.06
       315   3.5E-20      0.06
       316  3.21E-20      0.06
       317  2.88E-20      0.06
       318   2.6E-20      0.06
       319   2.4E-20      0.06
       320  2.28E-20      0.06
       321   2.2E-20      0.06
       322  2.09E-20      0.06
       323 1.979E-20      0.06
       324 1.841E-20      0.06
       325 1.708E-20      0.06
       326 1.566E-20      0.06
       327 1.408E-20      0.06
       328 1.237E-20      0.06
       329 1.047E-20      0.06
       330  8.78E-21      0.06
       331  7.42E-21      0.06
       332  6.54E-21      0.06
       333  6.09E-21      0.06
       334   5.6E-21      0.06
       335  4.91E-21      0.06
       336  4.22E-21      0.06
       337   3.5E-21      0.06
       338  2.88E-21      0.06
       339  2.45E-21      0.06
       340  2.17E-21      0.06
       341  1.93E-21      0.06
       342  1.46E-21      0.06
       343   9.4E-22      0.06
       344     6E-22      0.06
       345   4.2E-22      0.06
       346   3.1E-22      0.06
       347   2.6E-22      0.06
       348   2.3E-22      0.06
       349   1.8E-22      0.06
       350   1.5E-22      0.06
       351   1.4E-22      0.06
       352   1.2E-22      0.06
       353     1E-22      0.06
       354     8E-23      0.06
       355     6E-23      0.06
       356     5E-23      0.06
       357     3E-23      0.06
       358     3E-23      0.06
       359     2E-23      0.06
       360     2E-23      0.06
       361     2E-23      0.06
       362     1E-23      0.06
       363     1E-23      0.06
       364     1E-23      0.06
       365     1E-23      0.06
END
