!Absorption cross sections : isobutyraldehyde Martinez  92 
!Quantum   yield :  isobutyraldehyde (Desai   86) 
!  isobutyraldehyde ->   R.+CHO.     
 202  9.29E-21   0.51    
 206  4.55E-21   0.51    
 210  2.27E-21   0.51    
 214  1.63E-21   0.51    
 218  1.09E-21   0.51    
 222  6.2E-22    0.51    
 226  7E-022     0.51    
 230  1.05E-21   0.51    
 234  1.66E-21   0.51    
 238  2.61E-21   0.51    
 242  4.02E-21   0.51    
 246  6.01E-21   0.51    
 250  8.73E-21   0.51    
 254  1.223E-20  0.51    
 258  1.659E-20  0.51    
 262  2.19E-20   0.51    
 266  2.76E-20   0.51    
 270  3.4E-20    0.51    
 274  4E-020     0.51    
 278  4.63E-20   0.51    
 280  4.9E-20    0.51    
 281  5.03E-20   0.51    
 282  5.08E-20   0.51    
 283  5.17E-20   0.51    
 284  5.29E-20   0.51    
 285  5.42E-20   0.51    
 286  5.57E-20   0.51    
 287  5.66E-20   0.51    
 288  5.69E-20   0.51    
 289  5.75E-20   0.51    
 290  5.78E-20   0.51    
 291  5.75E-20   0.51    
 292  5.76E-20   0.51    
 293  5.79E-20   0.51    
 294  5.83E-20   0.51    
 295  5.88E-20   0.52    
 296  5.86E-20   0.52    
 297  5.75E-20   0.52    
 298  5.68E-20   0.52    
 299  5.64E-20   0.56    
 300  5.55E-20   0.56    
 301  5.42E-20   0.56    
 302  5.37E-20   0.56    
 303  5.31E-20   0.56    
 304  5.24E-20   0.66    
 305  5.17E-20   0.66    
 306  5E-020     0.66    
 307  4.73E-20   0.66    
 308  4.52E-20   0.78    
 309  4.38E-20   0.78    
 310  4.25E-20   0.78    
 311  4.08E-20   0.86    
 312  3.93E-20   0.86    
 313  3.82E-20   0.86    
 314  3.68E-20   0.86    
 315  3.55E-20   0.86    
 316  3.41E-20   0.88    
 317  3.14E-20   0.88    
 318  2.79E-20   0.88    
 319  2.55E-20   0.88    
 320  2.38E-20   0.88    
 321  2.24E-20   0.88    
 322  2.09E-20   0.88    
 323  1.931E-20  0.88    
 324  1.811E-20  0.88    
 325  1.694E-20  0.88    
 326  1.56E-20   0.85    
 327  1.458E-20  0.85    
 328  1.343E-20  0.85    
 329  1.15E-20   0.85    
 330  9.18E-21   0.85    
 331  7.6E-21    0.75    
 332  6.61E-21   0.75    
 333  5.79E-21   0.75    
 334  5.1E-21    0.75    
 335  4.45E-21   0.75    
 336  3.73E-21   0.61    
 337  3.17E-21   0.61    
 338  2.79E-21   0.61    
 339  2.38E-21   0.61    
 340  1.87E-21   0.61    
 341  1.65E-21   0.61    
 342  1.38E-21   0.61    
 343  7.7E-22    0.61    
 344  4.7E-22    0.61    
 345  3.4E-22    0.61    
 346  2.5E-22    0.61    
 347  1.9E-22    0.61    
 348  1.5E-22    0.61    
 349  1.3E-22    0.61    
 350  1.1E-22    0.61    
 351  1E-22      0.61    
 352  9E-23      0.61    
 353  8E-23      0.61    
 354  5E-23      0.61    
 355  4E-23      0.61    
 356  3E-23      0.61    
 357  1E-23      0.61    
 358  1E-23      0.61    
 359  1E-23      0.61    
 360  0          0.61    
END
