!n-pentanal -> Norrish II
!Absorption cross sections : Zhu 99
!Quantum yield : Moortgat 99 (=0.63*0.29)
       280  5.48E-20      0.18
       285  6.23E-20      0.18
       290  6.09E-20      0.18
       295  6.56E-20      0.18
       300   5.8E-20      0.18
       305  5.43E-20      0.18
       310  4.41E-20      0.18
       315  3.74E-20      0.18
       320  2.36E-20      0.18
       325  1.81E-20      0.18
       330  1.03E-20      0.18
       335  6.53E-21      0.18
       340  3.67E-21      0.18
       345  1.94E-21      0.18
       350  9.59E-22      0.18
       355  4.45E-22      0.18
       360  1.94E-22      0.18
       365  7.91E-23      0.18
       370  3.03E-23      0.18
       375  1.09E-23      0.18
       380  3.67E-24      0.18
       385  1.16E-24      0.18
       390  3.44E-25      0.18
END
