!          Zhu 99
!          i-pentanal
       280  5.07E-20      0.12
       285  5.61E-20      0.17
       290  5.76E-20      0.14
       295  5.90E-20      0.22
       300  5.55E-20      0.23
       305  5.36E-20      0.27
       310  4.40E-20      0.32
       315  3.96E-20       0.4
       320  2.46E-20      0.26
       325  1.92E-20      0.22
       330  1.16E-20      0.21
       335  7.50E-21      0.21
       340  4.38E-21      0.21
       345  2.41E-21      0.21
       350  1.25E-21      0.21
       355  6.07E-22      0.21
       360  2.78E-22      0.21
       365  1.19E-22      0.21
       370  4.84E-23      0.21
       375  1.84E-23      0.21
       380  6.60E-24      0.21
       385  2.22E-24      0.21
       390  7.05E-25      0.21
END
