!i-pentanal
!Abs. cross section : Zhu 99
!Quantum yield : Moortgat 99 for n-pentanal (0.63*0.29)   
       280  5.07E-20      0.18
       285  5.61E-20      0.18
       290  5.76E-20      0.18
       295   5.9E-20      0.18
       300  5.55E-20      0.18
       305  5.36E-20      0.18
       310   4.4E-20      0.18
       315  3.96E-20      0.18
       320  2.46E-20      0.18
       325  1.92E-20      0.18
       330  1.16E-20      0.18
       335  7.50E-21      0.18
       340  4.38E-21      0.18
       345  2.41E-21      0.18
       350  1.25E-21      0.18
       355  6.07E-22      0.18
       360  2.78E-22      0.18
       365  1.19E-22      0.18
       370  4.84E-23      0.18
       375  1.84E-23      0.18
       380  6.60E-24      0.18
       385  2.22E-24      0.18
       390  7.05E-25      0.18
END
