!          Plagens 1998
!          hexanal
       258  1.5716E-20      0.175
       259  1.6001E-20      0.175
       260  1.7494E-20      0.175
       261  1.9245E-20      0.175
       262  2.1588E-20      0.175
       263  2.2164E-20      0.175
       264  2.4702E-20      0.175
       265  2.5966E-20      0.175
       266 2.7959E-20      0.175
       267 2.9448E-20      0.175
       268 3.2009E-20      0.175
       269 3.4817E-20      0.175
       270 3.5649E-20      0.175
       271 3.7368E-20      0.175
       272  3.872E-20      0.175
       273 3.9656E-20      0.175
       274 4.4518E-20      0.175
       275 4.3509E-20      0.175
       276 4.5486E-20      0.175
       277 4.7388E-20      0.175
       278 4.9441E-20      0.175
       279 5.0366E-20      0.175
       280 5.0827E-20      0.175
       281 5.1526E-20      0.175
       282  5.257E-20      0.175
       283 5.4071E-20      0.175
       284 5.7076E-20      0.175
       285 5.8534E-20      0.175
       286 5.8791E-20      0.175
       287 5.8541E-20      0.175
       288 5.9656E-20      0.175
       289 6.0477E-20      0.175
       290 5.8443E-20      0.175
       291 5.9145E-20      0.175
       292 6.0347E-20      0.175
       293 6.1397E-20      0.175
       294 6.2403E-20      0.175
       295 6.0285E-20      0.175
       296 5.8927E-20      0.175
       297 5.7808E-20      0.175
       298 5.8337E-20      0.175
       299 5.9872E-20      0.175
       300 5.4979E-20      0.175
       301 5.4593E-20      0.175
       302  5.463E-20      0.175
       303  5.504E-20      0.175
       304 5.5578E-20      0.175
       305 5.2251E-20      0.175
       306 4.8955E-20      0.175
       307 4.5651E-20      0.175
       308  4.473E-20      0.175
       309 4.4786E-20      0.175
       310 4.1806E-20      0.175
       311 4.0135E-20      0.175
       312 3.9923E-20      0.175
       313 4.0074E-20      0.175
       314 3.9076E-20      0.175
       315 3.452E-20      0.175
       316 3.1565E-20      0.175
       317 2.8594E-20      0.175
       318 2.7434E-20      0.175
       319 2.6695E-20      0.175
       320 2.2818E-20      0.175
       321 2.1849E-20      0.175
       322 2.0822E-20      0.175
       323 2.1481E-20      0.175
       324  2.082E-20      0.175
       325 1.6945E-20      0.175
       326 1.5536E-20      0.175
       327  1.379E-20      0.175
       328 1.3027E-20      0.175
       329 1.2955E-20      0.175
       330 8.6192E-21      0.175
       331 7.5245E-21      0.175
       332 6.9484E-21      0.175
       333 7.3987E-21      0.175
       334 7.2072E-21      0.175
       335 5.3475E-21      0.175
       336 4.4289E-21      0.175
       337 3.5984E-21      0.175
       338 3.2824E-21      0.175
       339 3.0798E-21      0.175
       340 2.0798E-21      0.175
       341 1.8045E-21      0.175
       342 1.5253E-21      0.175
       343 1.1791E-21      0.175
       344 5.5503E-22      0.175
       345 3.4763E-22      0.175
       346          0      0.175
END
