!          IUPAC
!          acetone -> CH3CO + CH3
       202  5.33E-21     0.568
       206  1.25E-21     0.584
       210  1.04E-21       0.6
       214  1.20E-21     0.616
       218  1.63E-21     0.632
       222  2.42E-21     0.648
       226  3.61E-21     0.664
       230  5.33E-21      0.68
       234  7.74E-21     0.696
       238  1.09E-20     0.712
       242  1.48E-20     0.728
       246  1.94E-20     0.744
       250  2.47E-20      0.76
       254  3.04E-20      0.78
       258  3.61E-20      0.79
       262  4.15E-20      0.77
       266  4.58E-20      0.70
       270  4.91E-20      0.64
       274  5.06E-20      0.60
       278  5.07E-20      0.57
       280  5.05E-20      0.55
       281  5.01E-20      0.53
       282  4.94E-20      0.50
       283  4.86E-20      0.48
       284  4.76E-20      0.45
       285  4.68E-20      0.43
       286  4.58E-20      0.40
       287  4.50E-20      0.38
       288  4.41E-20      0.35
       289  4.29E-20      0.33
       290  4.19E-20      0.30
       291  4.08E-20      0.29
       292  3.94E-20      0.27
       293  3.81E-20      0.26
       294  3.67E-20      0.24
       295  3.52E-20      0.23
       296  3.35E-20      0.21
       297  3.20E-20      0.20
       298  3.07E-20      0.18
       299  2.91E-20      0.17
       300  2.77E-20      0.15
       301  2.66E-20      0.14
       302  2.53E-20      0.13
       303  2.37E-20      0.12
       304  2.24E-20      0.11
       305  2.11E-20      0.10
       306  1.95E-20      0.09
       307  1.80E-20      0.08
       308  1.66E-20      0.07
       309  1.54E-20      0.06
       310  1.41E-20      0.05
       311  1.28E-20      0.05
       312  1.17E-20      0.05
       313  1.08E-20      0.04
       314  9.67E-21      0.04
       315  8.58E-21      0.04
       316  7.77E-21      0.04
       317  6.99E-21      0.04
       318  6.08E-21      0.03
       319  5.30E-21      0.03
       320  4.67E-21      0.03
       321  4.07E-21      0.03
       322  3.44E-21      0.03
       323  2.87E-21      0.03
       324  2.43E-21      0.03
       325  2.05E-21      0.03
       326  1.68E-21      0.03
       327  1.35E-21      0.03
       328  1.08E-21      0.03
       329  8.60E-22      0.03
       330  6.70E-22      0.03
       331  5.10E-22    0.0297
       332  4.00E-22    0.0264
       333  3.10E-22    0.0231
       334  2.60E-22    0.0198
       335  1.70E-22    0.0165
       336  1.40E-22    0.0132
       337  1.10E-22    0.0099
       338  9.00E-23    0.0066
       339  6.00E-23    0.0033
       340  5.00E-23         0.
       341  5.00E-23         0.
       342  3.00E-23         0.
       343  4.00E-23         0.
       344  2.00E-23         0.
       345  2.00E-23         0.
       346  1.00E-23         0.
       347  2.00E-23         0.
       348  1.00E-23         0.
       349  1.00E-23         0.
       350  1.00E-23         0.
       351  0.00E+00         0.
       352  1.00E-23         0.
       353  0.00E+00         0.
       354  1.00E-23         0.
       355  0.00E+00         0.
END
