!          IUPAC
!          ch3coc2h5
       202  1.41E-20      0.29
       206  1.92E-21      0.29
       210  1.60E-21      0.29
       214  1.83E-21      0.29
       218  2.25E-21      0.29
       222  2.90E-21      0.29
       226  3.91E-21      0.29
       230  5.34E-21      0.29
       234  7.42E-21      0.29
       238  1.03E-20      0.29
       242  1.41E-20      0.29
       246  1.89E-20      0.29
       250  2.45E-20      0.29
       254  3.09E-20      0.29
       258  3.74E-20      0.29
       262  4.39E-20      0.29
       266  4.96E-20      0.29
       270  5.40E-20      0.29
       274  5.68E-20      0.29
       278  5.77E-20      0.29
       280  5.74E-20      0.29
       281  5.72E-20      0.29
       282  5.68E-20      0.29
       283  5.62E-20      0.29
       284  5.54E-20      0.29
       285  5.44E-20      0.29
       286  5.35E-20      0.29
       287  5.26E-20      0.29
       288  5.17E-20      0.29
       289  5.06E-20      0.29
       290  4.94E-20      0.29
       291  4.78E-20      0.29
       292  4.60E-20      0.29
       293  4.42E-20      0.29
       294  4.24E-20      0.29
       295  4.08E-20      0.29
       296  3.93E-20      0.29
       297  3.79E-20      0.29
       298  3.65E-20      0.29
       299  3.48E-20      0.29
       300  3.30E-20      0.29
       301  3.10E-20      0.29
       302  2.89E-20      0.29
       303  2.69E-20      0.29
       304  2.50E-20      0.29
       305  2.33E-20      0.29
       306  2.17E-20      0.29
       307  2.02E-20      0.29
       308  1.88E-20      0.29
       309  1.73E-20      0.29
       310  1.58E-20      0.29
       311  1.42E-20      0.29
       312  1.28E-20      0.29
       313  1.14E-20      0.29
       314  1.01E-20      0.29
       315  8.96E-21      0.29
       316  7.94E-21      0.29
       317  6.97E-21      0.29
       318  6.11E-21      0.29
       319  5.31E-21      0.29
       320  4.57E-21      0.29
       321  3.89E-21      0.29
       322  3.28E-21      0.29
       323  2.76E-21      0.29
       324  2.29E-21      0.29
       325  1.89E-21      0.29
       326  1.56E-21      0.29
       327  1.29E-21      0.29
       328  1.05E-21      0.29
       329  8.50E-22      0.29
       330  6.70E-22      0.29
       331  5.40E-22      0.29
       332  4.20E-22      0.29
       333  3.30E-22      0.29
       334  2.50E-22      0.29
       335  2.00E-22      0.29
       336  1.40E-22      0.29
       337  1.10E-22      0.29
       338  8.00E-23      0.29
       339  7.00E-23      0.29
       340  5.00E-23      0.29
       341  5.00E-23      0.29
       342  3.00E-23      0.29
       343  3.00E-23      0.29
       344  2.00E-23      0.29
       345  1.00E-23      0.29
       346  1.00E-23      0.29
       347  0.00E+00      0.29
       348  1.00E-23      0.29
       349  0.00E+00      0.29
       350  0.00E+00      0.29
       351  0.00E+00      0.29
       352  1.00E-23      0.29
       353  0.00E+00      0.29
       354  0.00E+00      0.29
       355  0.00E+00      0.29
END
