!          2-pentanone
       202  2.88E-20      0.34
       206  7.60E-21      0.34
       210  7.22E-21      0.34
       214  7.09E-21      0.34
       218  6.95E-21      0.34
       222  6.84E-21      0.34
       226  6.76E-21      0.34
       230  6.93E-21      0.34
       234  7.77E-21      0.34
       238  9.65E-21      0.34
       242  1.28E-20      0.34
       246  1.72E-20      0.34
       250  2.28E-20      0.34
       254  2.92E-20      0.34
       258  3.59E-20      0.34
       262  4.30E-20      0.34
       266  4.93E-20      0.34
       270  5.48E-20      0.34
       274  5.88E-20      0.34
       278  6.09E-20      0.34
       280  6.12E-20      0.34
       281  6.13E-20      0.34
       282  6.12E-20      0.34
       283  6.09E-20      0.34
       284  6.04E-20      0.34
       285  5.96E-20      0.34
       286  5.88E-20      0.34
       287  5.80E-20      0.34
       288  5.72E-20      0.34
       289  5.63E-20      0.34
       290  5.53E-20      0.34
       291  5.41E-20      0.34
       292  5.26E-20      0.34
       293  5.08E-20      0.34
       294  4.90E-20      0.34
       295  4.72E-20      0.34
       296  4.55E-20      0.34
       297  4.40E-20      0.34
       298  4.25E-20      0.34
       299  4.10E-20      0.34
       300  3.92E-20      0.34
       301  3.72E-20      0.34
       302  3.51E-20      0.34
       303  3.29E-20      0.34
       304  3.08E-20      0.34
       305  2.88E-20      0.34
       306  2.69E-20      0.34
       307  2.52E-20      0.34
       308  2.35E-20      0.34
       309  2.18E-20      0.34
       310  2.02E-20      0.34
       311  1.85E-20      0.34
       312  1.67E-20      0.34
       313  1.50E-20      0.34
       314  1.35E-20      0.34
       315  1.20E-20      0.34
       316  1.07E-20      0.34
       317  9.53E-21      0.34
       318  8.45E-21      0.34
       319  7.45E-21      0.34
       320  6.52E-21      0.34
       321  5.60E-21      0.34
       322  4.79E-21      0.34
       323  4.06E-21      0.34
       324  3.43E-21      0.34
       325  2.85E-21      0.34
       326  2.37E-21      0.34
       327  1.94E-21      0.34
       328  1.60E-21      0.34
       329  1.30E-21      0.34
       330  1.03E-21      0.34
       331  8.30E-22      0.34
       332  6.70E-22      0.34
       333  5.10E-22      0.34
       334  3.70E-22      0.34
       335  2.90E-22      0.34
       336  2.20E-22      0.34
       337  1.80E-22      0.34
       338  1.30E-22      0.34
       339  9.00E-23      0.34
       340  8.00E-23      0.34
       341  5.00E-23      0.34
       342  2.00E-23      0.34
       343  4.00E-23      0.34
       344  1.00E-23      0.34
       345  1.00E-23      0.34
       346  1.00E-23      0.34
       347  1.00E-23      0.34
       348  0.00E+00      0.34
       349  1.00E-23      0.34
       350  0.00E+00      0.34
       351  1.00E-23      0.34
       352  0.00E+00      0.34
       353  0.00E+00      0.34
       354  0.00E+00      0.34
       355  0.00E+00      0.34
END
