!4methyl2pentanone -> CH3CO. + CH2(.)CH(CH3)2
!Abs. cross section : Yujing 2000
!Q.Y. : 0.34*0.3    
       240  9.62E-21      0.10
       241  1.05E-20      0.10
       242  1.18E-20      0.10
       243  1.28E-20      0.10
       244  1.38E-20      0.10
       245  1.49E-20      0.10
       246  1.61E-20      0.10
       247  1.73E-20      0.10
       248  1.86E-20      0.10
       249  2.00E-20      0.10
       250  2.13E-20      0.10
       251  2.28E-20      0.10
       252  2.43E-20      0.10
       253  2.59E-20      0.10
       254  2.75E-20      0.10
       255  2.92E-20      0.10
       256  3.09E-20      0.10
       257  3.26E-20      0.10
       258  3.42E-20      0.10
       259  3.59E-20      0.10
       260  3.77E-20      0.10
       261  3.96E-20      0.10
       262  4.14E-20      0.10
       263  4.30E-20      0.10
       264  4.46E-20      0.10
       265  4.62E-20      0.10
       266  4.79E-20      0.10
       267  4.96E-20      0.10
       268  5.13E-20      0.10
       269  5.28E-20      0.10
       270  5.41E-20      0.10
       271  5.54E-20      0.10
       272  5.65E-20      0.10
       273  5.77E-20      0.10
       274  5.90E-20      0.10
       275  5.99E-20      0.10
       276  6.08E-20      0.10
       277  6.14E-20      0.10
       278  6.19E-20      0.10
       279  6.23E-20      0.10
       280  6.26E-20      0.10
       281  6.29E-20      0.10
       282  6.31E-20      0.10
       283  6.32E-20      0.10
       284  6.30E-20      0.10
       285  6.25E-20      0.10
       286  6.19E-20      0.10
       287  6.12E-20      0.10
       288  6.05E-20      0.10
       289  5.99E-20      0.10
       290  5.92E-20      0.10
       291  5.83E-20      0.10
       292  5.71E-20      0.10
       293  5.56E-20      0.10
       294  5.38E-20      0.10
       295  5.20E-20      0.10
       296  5.04E-20      0.10
       297  4.88E-20      0.10
       298  4.73E-20      0.10
       299  4.59E-20      0.10
       300  4.43E-20      0.10
       301  4.24E-20      0.10
       302  4.03E-20      0.10
       303  3.81E-20      0.10
       304  3.58E-20      0.10
       305  3.36E-20      0.10
       306  3.16E-20      0.10
       307  2.99E-20      0.10
       308  2.82E-20      0.10
       309  2.64E-20      0.10
       310  2.47E-20      0.10
       311  2.29E-20      0.10
       312  2.10E-20      0.10
       313  1.91E-20      0.10
       314  1.72E-20      0.10
       315  1.55E-20      0.10
       316  1.39E-20      0.10
       317  1.23E-20      0.10
       318  1.10E-20      0.10
       319  9.81E-21      0.10
       320  8.70E-21      0.10
       321  7.65E-21      0.10
       322  6.67E-21      0.10
       323  5.76E-21      0.10
       324  4.92E-21      0.10
       325  4.13E-21      0.10
       326  3.45E-21      0.10
       327  2.85E-21      0.10
       328  2.35E-21      0.10
       329  1.93E-21      0.10
       330  1.58E-21      0.10
       331  1.29E-21      0.10
       332  1.04E-21      0.10
       333  8.20E-22      0.10
       334  6.40E-22      0.10
       335  5.00E-22      0.10
       336  3.90E-22      0.10
       337  3.50E-22      0.10
       338  3.10E-22      0.10
       339  2.80E-22      0.10
       340  2.60E-22      0.10
       341  2.60E-22      0.10
       342  2.40E-22      0.10
       343  2.50E-22      0.10
       344  2.50E-22      0.10
       345  2.50E-22      0.10
       346  2.30E-22      0.10
       347  2.10E-22      0.10
       348  2.20E-22      0.10
       349  2.20E-22      0.10
       350  2.30E-22      0.10
       351  6.98E-23      0.10
       352  5.81E-23      0.10
       353  4.84E-23      0.10
       354  4.01E-23      0.10
       355  3.32E-23      0.10
       356  2.75E-23      0.10
       357  2.26E-23      0.10
       358  1.86E-23      0.10
       359  1.53E-23      0.10
       360  1.25E-23      0.10
       361  1.02E-23      0.10
       362  8.35E-24      0.10
       363  6.80E-24      0.10
       364  5.52E-24      0.10
       365  4.48E-24      0.10
       366  3.62E-24      0.10
       367  2.92E-24      0.10
       368  2.35E-24      0.10
       369  1.89E-24      0.10
       370  1.52E-24      0.10
       371  1.21E-24      0.10
       372  9.68E-25      0.10
END
