!4methyl2pentanone -> CH3COCH3 + CH2=CHCH3
!Abs. cross section : Yujing 2000
!Q.Y. : 0.34*0.7    
       240  9.62E-21     0.24
       241  1.05E-20     0.24
       242  1.18E-20     0.24
       243  1.28E-20     0.24
       244  1.38E-20     0.24
       245  1.49E-20     0.24
       246  1.61E-20     0.24
       247  1.73E-20     0.24
       248  1.86E-20     0.24
       249  2.00E-20     0.24
       250  2.13E-20     0.24
       251  2.28E-20     0.24
       252  2.43E-20     0.24
       253  2.59E-20     0.24
       254  2.75E-20     0.24
       255  2.92E-20     0.24
       256  3.09E-20     0.24
       257  3.26E-20     0.24
       258  3.42E-20     0.24
       259  3.59E-20     0.24
       260  3.77E-20     0.24
       261  3.96E-20     0.24
       262  4.14E-20     0.24
       263  4.30E-20     0.24
       264  4.46E-20     0.24
       265  4.62E-20     0.24
       266  4.79E-20     0.24
       267  4.96E-20     0.24
       268  5.13E-20     0.24
       269  5.28E-20     0.24
       270  5.41E-20     0.24
       271  5.54E-20     0.24
       272  5.65E-20     0.24
       273  5.77E-20     0.24
       274  5.90E-20     0.24
       275  5.99E-20     0.24
       276  6.08E-20     0.24
       277  6.14E-20     0.24
       278  6.19E-20     0.24
       279  6.23E-20     0.24
       280  6.26E-20     0.24
       281  6.29E-20     0.24
       282  6.31E-20     0.24
       283  6.32E-20     0.24
       284  6.30E-20     0.24
       285  6.25E-20     0.24
       286  6.19E-20     0.24
       287  6.12E-20     0.24
       288  6.05E-20     0.24
       289  5.99E-20     0.24
       290  5.92E-20     0.24
       291  5.83E-20     0.24
       292  5.71E-20     0.24
       293  5.56E-20     0.24
       294  5.38E-20     0.24
       295  5.20E-20     0.24
       296  5.04E-20     0.24
       297  4.88E-20     0.24
       298  4.73E-20     0.24
       299  4.59E-20     0.24
       300  4.43E-20     0.24
       301  4.24E-20     0.24
       302  4.03E-20     0.24
       303  3.81E-20     0.24
       304  3.58E-20     0.24
       305  3.36E-20     0.24
       306  3.16E-20     0.24
       307  2.99E-20     0.24
       308  2.82E-20     0.24
       309  2.64E-20     0.24
       310  2.47E-20     0.24
       311  2.29E-20     0.24
       312  2.10E-20     0.24
       313  1.91E-20     0.24
       314  1.72E-20     0.24
       315  1.55E-20     0.24
       316  1.39E-20     0.24
       317  1.23E-20     0.24
       318  1.10E-20     0.24
       319  9.81E-21     0.24
       320  8.70E-21     0.24
       321  7.65E-21     0.24
       322  6.67E-21     0.24
       323  5.76E-21     0.24
       324  4.92E-21     0.24
       325  4.13E-21     0.24
       326  3.45E-21     0.24
       327  2.85E-21     0.24
       328  2.35E-21     0.24
       329  1.93E-21     0.24
       330  1.58E-21     0.24
       331  1.29E-21     0.24
       332  1.04E-21     0.24
       333  8.20E-22     0.24
       334  6.40E-22     0.24
       335  5.00E-22     0.24
       336  3.90E-22     0.24
       337  3.50E-22     0.24
       338  3.10E-22     0.24
       339  2.80E-22     0.24
       340  2.60E-22     0.24
       341  2.60E-22     0.24
       342  2.40E-22     0.24
       343  2.50E-22     0.24
       344  2.50E-22     0.24
       345  2.50E-22     0.24
       346  2.30E-22     0.24
       347  2.10E-22     0.24
       348  2.20E-22     0.24
       349  2.20E-22     0.24
       350  2.30E-22     0.24
       351  6.98E-23     0.24
       352  5.81E-23     0.24
       353  4.84E-23     0.24
       354  4.01E-23     0.24
       355  3.32E-23     0.24
       356  2.75E-23     0.24
       357  2.26E-23     0.24
       358  1.86E-23     0.24
       359  1.53E-23     0.24
       360  1.25E-23     0.24
       361  1.02E-23     0.24
       362  8.35E-24     0.24
       363  6.80E-24     0.24
       364  5.52E-24     0.24
       365  4.48E-24     0.24
       366  3.62E-24     0.24
       367  2.92E-24     0.24
       368  2.35E-24     0.24
       369  1.89E-24     0.24
       370  1.52E-24     0.24
       371  1.21E-24     0.24
       372  9.68E-25     0.24
END
