! CH3COCH2CH2CH(CH3)2 + hv -> CH3CO. + .CH2CH2CH(CH3)2 
!Abs. cross section : Yujing 2000
!Q.Y. : 0.34*0.3
       240  3.58E-20      0.10
       241  3.24E-20      0.10
       242  2.93E-20      0.10
       243  2.59E-20      0.10
       244  2.38E-20      0.10
       245  2.21E-20      0.10
       246  2.08E-20      0.10
       247  2.02E-20      0.10
       248  2.00E-20      0.10
       249  1.99E-20      0.10
       250  2.01E-20      0.10
       251  2.06E-20      0.10
       252  2.15E-20      0.10
       253  2.27E-20      0.10
       254  2.39E-20      0.10
       255  2.49E-20      0.10
       256  2.60E-20      0.10
       257  2.73E-20      0.10
       258  2.89E-20      0.10
       259  3.03E-20      0.10
       260  3.18E-20      0.10
       261  3.32E-20      0.10
       262  3.45E-20      0.10
       263  3.60E-20      0.10
       264  3.75E-20      0.10
       265  3.87E-20      0.10
       266  3.99E-20      0.10
       267  4.11E-20      0.10
       268  4.25E-20      0.10
       269  4.40E-20      0.10
       270  4.53E-20      0.10
       271  4.62E-20      0.10
       272  4.70E-20      0.10
       273  4.78E-20      0.10
       274  4.86E-20      0.10
       275  4.97E-20      0.10
       276  5.05E-20      0.10
       277  5.09E-20      0.10
       278  5.15E-20      0.10
       279  5.19E-20      0.10
       280  5.21E-20      0.10
       281  5.22E-20      0.10
       282  5.23E-20      0.10
       283  5.23E-20      0.10
       284  5.21E-20      0.10
       285  5.17E-20      0.10
       286  5.12E-20      0.10
       287  5.05E-20      0.10
       288  4.99E-20      0.10
       289  4.92E-20      0.10
       290  4.84E-20      0.10
       291  4.76E-20      0.10
       292  4.66E-20      0.10
       293  4.54E-20      0.10
       294  4.40E-20      0.10
       295  4.25E-20      0.10
       296  4.11E-20      0.10
       297  3.97E-20      0.10
       298  3.83E-20      0.10
       299  3.70E-20      0.10
       300  3.56E-20      0.10
       301  3.40E-20      0.10
       302  3.23E-20      0.10
       303  3.05E-20      0.10
       304  2.87E-20      0.10
       305  2.69E-20      0.10
       306  2.53E-20      0.10
       307  2.37E-20      0.10
       308  2.25E-20      0.10
       309  2.10E-20      0.10
       310  1.96E-20      0.10
       311  1.80E-20      0.10
       312  1.64E-20      0.10
       313  1.48E-20      0.10
       314  1.34E-20      0.10
       315  1.19E-20      0.10
       316  1.07E-20      0.10
       317  9.46E-21      0.10
       318  8.23E-21      0.10
       319  7.27E-21      0.10
       320  6.39E-21      0.10
       321  5.60E-21      0.10
       322  4.84E-21      0.10
       323  4.20E-21      0.10
       324  3.57E-21      0.10
       325  2.98E-21      0.10
       326  2.45E-21      0.10
       327  2.01E-21      0.10
       328  1.71E-21      0.10
       329  1.45E-21      0.10
       330  1.20E-21      0.10
       331  1.03E-21      0.10
       332  8.80E-22      0.10
       333  7.40E-22      0.10
       334  1.01E-21      0.10
       335  5.00E-22      0.10
       336  4.30E-22      0.10
       337  3.60E-22      0.10
       338  3.30E-22      0.10
       339  3.00E-22      0.10
       340  3.00E-22      0.10
       341  3.10E-22      0.10
       342  4.30E-22      0.10
       343  3.50E-22      0.10
       344  3.20E-22      0.10
       345  3.30E-22      0.10
       346  3.40E-22      0.10
       347  3.00E-22      0.10
       348  2.90E-22      0.10
       349  2.60E-22      0.10
       350  2.50E-22      0.10
       351  1.08E-22      0.10
       352  9.35E-23      0.10
       353  8.07E-23      0.10
       354  6.96E-23      0.10
       355  5.99E-23      0.10
       356  5.15E-23      0.10
       357  4.42E-23      0.10
       358  3.79E-23      0.10
       359  3.25E-23      0.10
       360  2.78E-23      0.10
       361  2.38E-23      0.10
       362  2.03E-23      0.10
       363  1.73E-23      0.10
       364  1.47E-23      0.10
       365  1.25E-23      0.10
       366  1.06E-23      0.10
       367  9.00E-24      0.10
       368  7.63E-24      0.10
       369  6.45E-24      0.10
       370  5.45E-24      0.10
       371  4.60E-24      0.10
       372  3.87E-24      0.10
       373  3.26E-24      0.10
       374  2.74E-24      0.10
END
