! CH3COCH2CH2CH(CH3)2 + hv -> CH3COCH3 + CH2=C(CH3)2
!Abs. cross section : Yujing 2000
!Q.Y. : 0.34*0.7
       240  3.58E-20      0.24
       241  3.24E-20      0.24
       242  2.93E-20      0.24
       243  2.59E-20      0.24
       244  2.38E-20      0.24
       245  2.21E-20      0.24
       246  2.08E-20      0.24
       247  2.02E-20      0.24
       248  2.00E-20      0.24
       249  1.99E-20      0.24
       250  2.01E-20      0.24
       251  2.06E-20      0.24
       252  2.15E-20      0.24
       253  2.27E-20      0.24
       254  2.39E-20      0.24
       255  2.49E-20      0.24
       256  2.60E-20      0.24
       257  2.73E-20      0.24
       258  2.89E-20      0.24
       259  3.03E-20      0.24
       260  3.18E-20      0.24
       261  3.32E-20      0.24
       262  3.45E-20      0.24
       263  3.60E-20      0.24
       264  3.75E-20      0.24
       265  3.87E-20      0.24
       266  3.99E-20      0.24
       267  4.11E-20      0.24
       268  4.25E-20      0.24
       269  4.40E-20      0.24
       270  4.53E-20      0.24
       271  4.62E-20      0.24
       272  4.70E-20      0.24
       273  4.78E-20      0.24
       274  4.86E-20      0.24
       275  4.97E-20      0.24
       276  5.05E-20      0.24
       277  5.09E-20      0.24
       278  5.15E-20      0.24
       279  5.19E-20      0.24
       280  5.21E-20      0.24
       281  5.22E-20      0.24
       282  5.23E-20      0.24
       283  5.23E-20      0.24
       284  5.21E-20      0.24
       285  5.17E-20      0.24
       286  5.12E-20      0.24
       287  5.05E-20      0.24
       288  4.99E-20      0.24
       289  4.92E-20      0.24
       290  4.84E-20      0.24
       291  4.76E-20      0.24
       292  4.66E-20      0.24
       293  4.54E-20      0.24
       294  4.40E-20      0.24
       295  4.25E-20      0.24
       296  4.11E-20      0.24
       297  3.97E-20      0.24
       298  3.83E-20      0.24
       299  3.70E-20      0.24
       300  3.56E-20      0.24
       301  3.40E-20      0.24
       302  3.23E-20      0.24
       303  3.05E-20      0.24
       304  2.87E-20      0.24
       305  2.69E-20      0.24
       306  2.53E-20      0.24
       307  2.37E-20      0.24
       308  2.25E-20      0.24
       309  2.10E-20      0.24
       310  1.96E-20      0.24
       311  1.80E-20      0.24
       312  1.64E-20      0.24
       313  1.48E-20      0.24
       314  1.34E-20      0.24
       315  1.19E-20      0.24
       316  1.07E-20      0.24
       317  9.46E-21      0.24
       318  8.23E-21      0.24
       319  7.27E-21      0.24
       320  6.39E-21      0.24
       321  5.60E-21      0.24
       322  4.84E-21      0.24
       323  4.20E-21      0.24
       324  3.57E-21      0.24
       325  2.98E-21      0.24
       326  2.45E-21      0.24
       327  2.01E-21      0.24
       328  1.71E-21      0.24
       329  1.45E-21      0.24
       330  1.20E-21      0.24
       331  1.03E-21      0.24
       332  8.80E-22      0.24
       333  7.40E-22      0.24
       334  1.01E-21      0.24
       335  5.00E-22      0.24
       336  4.30E-22      0.24
       337  3.60E-22      0.24
       338  3.30E-22      0.24
       339  3.00E-22      0.24
       340  3.00E-22      0.24
       341  3.10E-22      0.24
       342  4.30E-22      0.24
       343  3.50E-22      0.24
       344  3.20E-22      0.24
       345  3.30E-22      0.24
       346  3.40E-22      0.24
       347  3.00E-22      0.24
       348  2.90E-22      0.24
       349  2.60E-22      0.24
       350  2.50E-22      0.24
       351  1.08E-22      0.24
       352  9.35E-23      0.24
       353  8.07E-23      0.24
       354  6.96E-23      0.24
       355  5.99E-23      0.24
       356  5.15E-23      0.24
       357  4.42E-23      0.24
       358  3.79E-23      0.24
       359  3.25E-23      0.24
       360  2.78E-23      0.24
       361  2.38E-23      0.24
       362  2.03E-23      0.24
       363  1.73E-23      0.24
       364  1.47E-23      0.24
       365  1.25E-23      0.24
       366  1.06E-23      0.24
       367  9.00E-24      0.24
       368  7.63E-24      0.24
       369  6.45E-24      0.24
       370  5.45E-24      0.24
       371  4.60E-24      0.24
       372  3.87E-24      0.24
       373  3.26E-24      0.24
       374  2.74E-24      0.24
END
