! Gardner (Carter) 
! acrolein  
 250 1.8E-021 0.0052
 252 2.05E-021 0.0052
 253 2.2E-021 0.0052
 254 2.32E-021 0.0048
 255 2.45E-021 0.0048
 256 2.56E-021 0.0048
 257 2.65E-021 0.0048
 258 2.74E-021 0.0048
 259 2.83E-021 0.0048
 260 2.98E-021 0.0048
 261 3.24E-021 0.0048
 262 3.47E-021 0.0048
 263 3.58E-021 0.0048
 264 3.93E-021 0.0044
 265 4.67E-021 0.0044
 266 5.1E-021 0.0044
 267 5.38E-021 0.0044
 268 5.73E-021 0.0044
 269 6.13E-021 0.0044
 270 6.64E-021 0.0044
 271 7.2E-021 0.0044
 272 7.77E-021 0.0044
 273 8.37E-021 0.0044
 274 8.94E-021 0.004
 275 9.55E-021 0.004
 276 1.04E-020 0.004
 277 1.12E-020 0.004
 278 1.19E-020 0.004
 279 1.27E-020 0.004
 280 1.27E-020 0.004
 281 1.26E-020 0.004
 282 1.26E-020 0.004
 283 1.28E-020 0.004
 284 1.33E-020 0.0036
 285 1.38E-020 0.0036
 286 1.44E-020 0.0036
 287 1.5E-020 0.0036
 288 1.57E-020 0.0036
 289 1.63E-020 0.0036
 290 1.71E-020 0.0036
 291 1.78E-020 0.0036
 292 1.86E-020 0.0036
 293 1.95E-020 0.0036
 294 2.05E-020 0.0032
 295 2.15E-020 0.0032
 296 2.26E-020 0.0032
 297 2.37E-020 0.0032
 298 2.48E-020 0.0032
 299 2.6E-020 0.0032
 300 2.73E-020 0.0032
 301 2.85E-020 0.0032
 302 2.99E-020 0.0032
 303 3.13E-020 0.0032
 304 3.27E-020 0.0028
 305 3.39E-020 0.0028
 306 3.51E-020 0.0028
 307 3.64E-020 0.0028
 308 3.77E-020 0.0028
 309 3.92E-020 0.0028
 310 4.07E-020 0.0028
 311 4.25E-020 0.0028
 312 4.4E-020 0.0028
 313 4.44E-020 0.0028
 314 4.5E-020 0.0024
 315 4.59E-020 0.0024
 316 4.75E-020 0.0024
 317 4.9E-020 0.0024
 318 5.05E-020 0.0024
 319 5.19E-020 0.0024
 320 5.31E-020 0.0024
 321 5.43E-020 0.0024
 322 5.52E-020 0.0024
 323 5.6E-020 0.0024
 324 5.67E-020 0.002
 325 5.67E-020 0.002
 326 5.62E-020 0.002
 327 5.64E-020 0.002
 328 5.71E-020 0.002
 329 5.76E-020 0.002
 330 5.8E-020 0.002
 331 5.95E-020 0.002
 332 6.23E-020 0.002
 333 6.4E-020 0.002
 334 6.38E-020 0.0016
 335 6.24E-020 0.0016
 336 6.01E-020 0.0016
 337 5.79E-020 0.0016
 338 5.63E-020 0.0016
 339 5.56E-020 0.0016
 340 5.52E-020 0.0016
 341 5.54E-020 0.0016
 342 5.53E-020 0.0016
 343 5.47E-020 0.0016
 344 5.41E-020 0.0012
 345 5.4E-020 0.0012
 346 5.48E-020 0.0012
 347 5.9E-020 0.0012
 348 6.08E-020 0.0012
 349 6E-020 0.0012
 350 5.53E-020 0.0012
 351 5.03E-020 0.0012
 352 4.5E-020 0.0012
 353 4.03E-020 0.0012
 354 3.75E-020 0.0008
 355 3.55E-020 0.0008
 356 3.45E-020 0.0008
 357 3.46E-020 0.0008
 358 3.49E-020 0.0008
 359 3.41E-020 0.0008
 360 3.23E-020 0.0008
 361 1.95E-020 0.0008
 362 2.81E-020 0.0008
 363 2.91E-020 0.0008
 364 3.25E-020 0.0004
 365 3.54E-020 0.0004
 366 3.3E-020 0.0004
 367 2.78E-020 0.0004
 368 2.15E-020 0.0004
 369 1.59E-020 0.0004
 370 1.19E-020 0.0004
 371 8.99E-021 0.0004
 372 7.22E-021 0.0004
 373 5.86E-021 0.0004
 374 4.69E-021 0.
 375 3.72E-021 0.
 376 3.57E-021 0.
 377 3.55E-021 0.
 378 2.83E-021 0.
 379 1.69E-021 0.
 380 1E-023 0.
 381 0. 0.
END
