! Gardner (Carter) 
! acrolein  
 250 1.8E-021 0.0039
 252 2.05E-021 0.0039
 253 2.2E-021 0.0039
 254 2.32E-021 0.0036
 255 2.45E-021 0.0036
 256 2.56E-021 0.0036
 257 2.65E-021 0.0036
 258 2.74E-021 0.0036
 259 2.83E-021 0.0036
 260 2.98E-021 0.0036
 261 3.24E-021 0.0036
 262 3.47E-021 0.0036
 263 3.58E-021 0.0036
 264 3.93E-021 0.0033
 265 4.67E-021 0.0033
 266 5.1E-021 0.0033
 267 5.38E-021 0.0033
 268 5.73E-021 0.0033
 269 6.13E-021 0.0033
 270 6.64E-021 0.0033
 271 7.2E-021 0.0033
 272 7.77E-021 0.0033
 273 8.37E-021 0.0033
 274 8.94E-021 0.003
 275 9.55E-021 0.003
 276 1.04E-020 0.003
 277 1.12E-020 0.003
 278 1.19E-020 0.003
 279 1.27E-020 0.003
 280 1.27E-020 0.003
 281 1.26E-020 0.003
 282 1.26E-020 0.003
 283 1.28E-020 0.003
 284 1.33E-020 0.0027
 285 1.38E-020 0.0027
 286 1.44E-020 0.0027
 287 1.5E-020 0.0027
 288 1.57E-020 0.0027
 289 1.63E-020 0.0027
 290 1.71E-020 0.0027
 291 1.78E-020 0.0027
 292 1.86E-020 0.0027
 293 1.95E-020 0.0027
 294 2.05E-020 0.0024
 295 2.15E-020 0.0024
 296 2.26E-020 0.0024
 297 2.37E-020 0.0024
 298 2.48E-020 0.0024
 299 2.6E-020 0.0024
 300 2.73E-020 0.0024
 301 2.85E-020 0.0024
 302 2.99E-020 0.0024
 303 3.13E-020 0.0024
 304 3.27E-020 0.0021
 305 3.39E-020 0.0021
 306 3.51E-020 0.0021
 307 3.64E-020 0.0021
 308 3.77E-020 0.0021
 309 3.92E-020 0.0021
 310 4.07E-020 0.0021
 311 4.25E-020 0.0021
 312 4.4E-020 0.0021
 313 4.44E-020 0.0021
 314 4.5E-020 0.0018
 315 4.59E-020 0.0018
 316 4.75E-020 0.0018
 317 4.9E-020 0.0018
 318 5.05E-020 0.0018
 319 5.19E-020 0.0018
 320 5.31E-020 0.0018
 321 5.43E-020 0.0018
 322 5.52E-020 0.0018
 323 5.6E-020 0.0018
 324 5.67E-020 0.0015
 325 5.67E-020 0.0015
 326 5.62E-020 0.0015
 327 5.64E-020 0.0015
 328 5.71E-020 0.0015
 329 5.76E-020 0.0015
 330 5.8E-020 0.0015
 331 5.95E-020 0.0015
 332 6.23E-020 0.0015
 333 6.4E-020 0.0015
 334 6.38E-020 0.0012
 335 6.24E-020 0.0012
 336 6.01E-020 0.0012
 337 5.79E-020 0.0012
 338 5.63E-020 0.0012
 339 5.56E-020 0.0012
 340 5.52E-020 0.0012
 341 5.54E-020 0.0012
 342 5.53E-020 0.0012
 343 5.47E-020 0.0012
 344 5.41E-020 0.0009
 345 5.4E-020 0.0009
 346 5.48E-020 0.0009
 347 5.9E-020 0.0009
 348 6.08E-020 0.0009
 349 6E-020 0.0009
 350 5.53E-020 0.0009
 351 5.03E-020 0.0009
 352 4.5E-020 0.0009
 353 4.03E-020 0.0009
 354 3.75E-020 0.0006
 355 3.55E-020 0.0006
 356 3.45E-020 0.0006
 357 3.46E-020 0.0006
 358 3.49E-020 0.0006
 359 3.41E-020 0.0006
 360 3.23E-020 0.0006
 361 1.95E-020 0.0006
 362 2.81E-020 0.0006
 363 2.91E-020 0.0006
 364 3.25E-020 0.0003
 365 3.54E-020 0.0003
 366 3.3E-020 0.0003
 367 2.78E-020 0.0003
 368 2.15E-020 0.0003
 369 1.59E-020 0.0003
 370 1.19E-020 0.0003
 371 8.99E-021 0.0003
 372 7.22E-021 0.0003
 373 5.86E-021 0.0003
 374 4.69E-021 0.
 375 3.72E-021 0.
 376 3.57E-021 0.
 377 3.55E-021 0.
 378 2.83E-021 0.
 379 1.69E-021 0.
 380 1E-023 0.
 381 0. 0.
END
