!          Raber 96
!          Methacrolein
       245  2.11E-21       0.0066
       246  1.71E-21       0.0066
       247  1.38E-21       0.0066
       248  1.25E-21       0.0066
       249  1.10E-21       0.0066
       250  1.02E-21       0.0066
       251  1.06E-21       0.0066
       252  1.08E-21       0.0066
       253  1.08E-21       0.0066
       254  1.10E-21       0.0066
       255  1.24E-21       0.0066
       256  1.23E-21       0.0066
       257  1.28E-21       0.0066
       258  1.45E-21       0.0066
       259  1.55E-21       0.0066
       260  1.70E-21       0.0066
       261  1.86E-21       0.0066
       262  2.05E-21       0.0066
       263  2.21E-21       0.0066
       264  2.43E-21       0.0066
       265  2.67E-21       0.0066
       266  2.99E-21       0.0066
       267  3.25E-21       0.0066
       268  3.56E-21       0.0066
       269  3.83E-21       0.0066
       270  4.32E-21       0.0066
       271  4.89E-21       0.0066
       272  5.22E-21       0.0066
       273  5.71E-21       0.0066
       274  6.21E-21       0.0066
       275  6.85E-21       0.0066
       276  7.33E-21       0.0066
       277  7.91E-21       0.0066
       278  8.61E-21       0.0066
       279  9.44E-21       0.0066
       280  1.03E-20       0.0066
       281  1.09E-20       0.0066
       282  1.17E-20       0.0066
       283  1.26E-20       0.0066
       284  1.34E-20       0.0066
       285  1.44E-20       0.0066
       286  1.55E-20       0.0066
       287  1.66E-20       0.0066
       288  1.78E-20       0.0066
       289  1.89E-20       0.0066
       290  2.01E-20       0.0066
       291  2.10E-20       0.0066
       292  2.23E-20       0.0066
       293  2.35E-20       0.0066
       294  2.43E-20       0.0066
       295  2.61E-20       0.0066
       296  2.75E-20       0.0066
       297  2.89E-20       0.0066
       298  3.07E-20       0.0066
       299  3.19E-20       0.0066
       300  3.36E-20       0.0066
       301  3.54E-20       0.0066
       302  3.69E-20       0.0066
       303  3.82E-20       0.0066
       304  3.95E-20       0.0066
       305  4.11E-20       0.0066
       306  4.21E-20       0.0066
       307  4.37E-20       0.0066
       308  4.55E-20       0.01
       309  4.71E-20       0.01
       310  4.85E-20       0.01
       311  5.01E-20       0.01
       312  5.18E-20       0.01
       313  5.41E-20       0.01
       314  5.63E-20       0.01
       315  5.76E-20       0.01
       316  5.89E-20       0.01
       317  6.03E-20       0.01
       318  6.21E-20       0.01
       319  6.34E-20       0.01
       320  6.45E-20       0.01
       321  6.46E-20       0.01
       322  6.44E-20       0.01
       323  6.43E-20       0.01
       324  6.45E-20       0.01
       325  6.50E-20       0.01
       326  6.58E-20       0.01
       327  6.67E-20       0.01
       328  6.73E-20       0.01
       329  6.91E-20       0.01
       330  7.15E-20       0.01
       331  7.33E-20       0.01
       332  7.38E-20       0.01
       333  7.27E-20       0.01
       334  7.09E-20       0.01
       335  6.73E-20       0.01
       336  6.39E-20       0.01
       337  6.04E-20       0.01
       338  6.30E-20       0.01
       339  6.50E-20       0.01
       340  6.50E-20       0.01
       341  6.37E-20       0.01
       342  6.27E-20       0.01
       343  6.28E-20       0.01
       344  6.63E-20       0.01
       345  6.88E-20       0.01
       346  6.64E-20       0.01
       347  6.29E-20       0.01
       348  5.85E-20       0.01
       349  5.31E-20       0.01
       350  4.91E-20       0.01
       351  4.15E-20       0.01
       352  4.09E-20       0.01
       353  4.32E-20       0.01
       354  4.39E-20       0.01
       355  4.08E-20       0.01
       356  3.98E-20       0.01
       357  3.60E-20       0.01
       358  3.73E-20       0.01
       359  4.22E-20       0.01
       360  4.88E-20       0.01
       361  4.43E-20       0.01
       362  3.85E-20       0.01
       363  3.21E-20       0.01
       364  2.51E-20       0.01
       365  2.23E-20       0.01
       366  1.80E-20       0.01
       367  1.46E-20       0.01
       368  1.25E-20       0.01
       369  1.34E-20       0.01
       370  1.46E-20       0.01
       371  1.46E-20       0.01
       372  1.31E-20       0.01
       373  1.17E-20       0.01
       374  9.13E-21       0.01
       375  9.23E-21       0.01
       376  1.08E-20       0.01
       377  1.43E-20       0.01
       378  1.69E-20       0.01
       379  1.49E-20       0.01
       380  1.08E-20       0.01
       381  4.48E-21       0.01
       382  3.00E-21       0.01
       383  2.25E-21       0.01
       384  1.67E-21       0.01
       385  1.27E-21       0.01
       386  6.98E-22       0.01
       387  7.44E-23       0.01
END
