!          magneron (99)
!crotonaldehyde 0.025*0.34
       239  1.36E-19     0.0085
       240  1.14E-19     0.0085
       241  9.24E-20     0.0085
       242  5.82E-20     0.0085
       243  2.86E-20     0.0085
       244  1.93E-20     0.0085
       245  1.43E-20     0.0085
       246  1.04E-20     0.0085
       247  7.19E-21     0.0085
       248  5.69E-21     0.0085
       249  4.44E-21     0.0085
       250  3.47E-21     0.0085
       251  3.04E-21     0.0085
       252  2.75E-21     0.0085
       253  2.53E-21     0.0085
       254  2.55E-21     0.0085
       255  2.56E-21     0.0085
       256  2.64E-21     0.0085
       257  2.71E-21     0.0085
       258  2.77E-21     0.0085
       259  2.89E-21     0.0085
       260  3.08E-21     0.0085
       261  3.32E-21     0.0085
       262  3.55E-21     0.0085
       263  3.82E-21     0.0085
       264  4.03E-21     0.0085
       265  4.27E-21     0.0085
       266  4.65E-21     0.0085
       267  5.09E-21     0.0085
       268  5.51E-21     0.0085
       269  5.99E-21     0.0085
       270  6.53E-21     0.0085
       271  7.09E-21     0.0085
       272  7.66E-21     0.0085
       273  8.01E-21     0.0085
       274  8.53E-21     0.0085
       275  9.02E-21     0.0085
       276  9.73E-21     0.0085
       277  1.05E-20     0.0085
       278  1.12E-20     0.0085
       279  1.22E-20     0.0085
       280  1.28E-20     0.0085
       281  1.38E-20     0.0085
       282  1.49E-20     0.0085
       283  1.60E-20     0.0085
       284  1.68E-20     0.0085
       285  1.75E-20     0.0085
       286  1.87E-20     0.0085
       287  1.98E-20     0.0085
       288  2.08E-20     0.0085
       289  2.16E-20     0.0085
       290  2.27E-20     0.0085
       291  2.45E-20     0.0085
       292  2.58E-20     0.0085
       293  2.71E-20     0.0085
       294  2.83E-20     0.0085
       295  2.96E-20     0.0085
       296  3.04E-20     0.0085
       297  3.20E-20     0.0085
       298  3.30E-20     0.0085
       299  3.51E-20     0.0085
       300  3.59E-20     0.0085
       301  3.75E-20     0.0085
       302  3.86E-20     0.0085
       303  4.00E-20     0.0085
       304  4.17E-20     0.0085
       305  4.33E-20     0.0085
       306  4.44E-20     0.0085
       307  4.56E-20     0.0085
       308  4.66E-20     0.0085
       309  4.72E-20     0.0085
       310  4.85E-20     0.0085
       311  4.99E-20     0.0085
       312  5.09E-20     0.0085
       313  5.26E-20     0.0085
       314  5.32E-20     0.0085
       315  5.52E-20     0.0085
       316  5.66E-20     0.0085
       317  5.69E-20     0.0085
       318  5.71E-20     0.0085
       319  5.68E-20     0.0085
       320  5.80E-20     0.0085
       321  5.82E-20     0.0085
       322  5.85E-20     0.0085
       323  5.96E-20     0.0085
       324  6.15E-20     0.0085
       325  6.26E-20     0.0085
       326  6.30E-20     0.0085
       327  6.32E-20     0.0085
       328  6.33E-20     0.0085
       329  6.29E-20     0.0085
       330  6.26E-20     0.0085
       331  6.20E-20     0.0085
       332  6.03E-20     0.0085
       333  5.96E-20     0.0085
       334  5.94E-20     0.0085
       335  5.80E-20     0.0085
       336  5.69E-20     0.0085
       337  5.63E-20     0.0085
       338  5.63E-20     0.0085
       339  5.61E-20     0.0085
       340  5.59E-20     0.0085
       341  5.58E-20     0.0085
       342  5.46E-20     0.0085
       343  5.18E-20     0.0085
       344  4.98E-20     0.0085
       345  4.73E-20     0.0085
       346  4.58E-20     0.0085
       347  4.18E-20     0.0085
       348  3.94E-20     0.0085
       349  3.84E-20     0.0085
       350  3.79E-20     0.0085
       351  3.80E-20     0.0085
       352  3.87E-20     0.0085
       353  3.73E-20     0.0085
       354  3.51E-20     0.0085
       355  3.34E-20     0.0085
       356  3.13E-20     0.0085
       357  3.27E-20     0.0085
       358  3.65E-20     0.0085
       359  3.56E-20     0.0085
       360  2.96E-20     0.0085
       361  2.61E-20     0.0085
       362  2.21E-20     0.0085
       363  1.94E-20     0.0085
       364  1.73E-20     0.0085
       365  1.58E-20     0.0085
       366  1.53E-20     0.0085
       367  1.45E-20     0.0085
       368  1.41E-20     0.0085
       369  1.49E-20     0.0085
       370  1.49E-20     0.0085
       371  1.31E-20     0.0085
       372  1.25E-20     0.0085
       373  1.24E-20     0.0085
       374  1.20E-20     0.0085
       375  1.37E-20     0.0085
       376  1.46E-20     0.0085
       377  1.29E-20     0.0085
       378  1.09E-20     0.0085
       379  8.16E-21     0.0085
       380  7.04E-21     0.0085
       381  4.47E-21     0.0085
       382  3.44E-21     0.0085
       383  2.81E-21     0.0085
       384  2.37E-21     0.0085
       385  2.00E-21     0.0085
       386  1.70E-21     0.0085
       387  1.45E-21     0.0085
       388  1.24E-21     0.0085
       389  1.17E-21     0.0085
       390  1.17E-21     0.0085
       391  1.13E-21     0.0085
       392  1.03E-21     0.0085
       393  9.41E-22     0.0085
       394  8.72E-22     0.0085
       395  1.01E-21     0.0085
       396  1.21E-21     0.0085
       397  1.11E-21     0.0085
       398  9.04E-22     0.0085
       399  7.05E-22     0.0085
       400  5.98E-22     0.0085
       401  5.24E-22     0.0085
       402  4.59E-22     0.0085
       403  4.28E-22     0.0085
       404  4.37E-22     0.0085
       405  4.19E-22     0.0085
       406  4.08E-22     0.0085
       407  3.68E-22     0.0085
       408  3.38E-22     0.0085
       409  3.36E-22     0.0085
       410  3.25E-22     0.0085
       411  3.17E-22     0.0085
       412  3.46E-22     0.0085
       413  4.13E-22     0.0085
       414  4.31E-22     0.0085
       415  4.79E-22     0.0085
       416  5.38E-22     0.0085
       417  5.51E-22     0.0085
       418  5.67E-22     0.0085
       419  6.00E-22     0.0085
       420  5.77E-22     0.0085
       421  4.91E-22     0.0085
       422  4.54E-22     0.0085
       423  3.36E-22     0.0085
END
