!          Raber 95
!          MVK
       270  7.96E-21      0.010
       271  8.14E-21      0.010
       272  8.53E-21      0.010
       273  8.98E-21      0.010
       274  9.52E-21      0.010
       275  9.93E-21      0.010
       276  1.07E-20      0.010
       277  1.13E-20      0.010
       278  1.19E-20      0.010
       279  1.28E-20      0.010
       280  1.35E-20      0.010
       281  1.46E-20      0.010
       282  1.53E-20      0.010
       283  1.64E-20      0.010
       284  1.73E-20      0.010
       285  1.81E-20      0.010
       286  1.89E-20      0.010
       287  1.99E-20      0.010
       288  2.07E-20      0.010
       289  2.16E-20      0.010
       290  2.28E-20      0.010
       291  2.39E-20      0.010
       292  2.48E-20      0.010
       293  2.60E-20      0.010
       294  2.69E-20      0.010
       295  2.81E-20      0.010
       296  2.90E-20      0.010
       297  3.01E-20      0.010
       298  3.08E-20      0.010
       299  3.24E-20      0.010
       300  3.35E-20      0.010
       301  3.47E-20      0.010
       302  3.73E-20      0.010
       303  3.77E-20      0.010
       304  4.01E-20      0.010
       305  4.10E-20      0.010
       306  4.30E-20      0.010
       307  4.40E-20      0.010
       308  4.61E-20      0.010
       309  4.74E-20      0.010
       310  4.80E-20      0.010
       311  4.98E-20      0.010
       312  5.16E-20      0.010
       313  5.23E-20      0.010
       314  5.35E-20      0.010
       315  5.50E-20      0.010
       316  5.64E-20      0.010
       317  5.74E-20      0.010
       318  5.85E-20      0.010
       319  5.97E-20      0.010
       320  6.07E-20      0.010
       321  6.10E-20      0.010
       322  6.16E-20      0.010
       323  6.28E-20      0.010
       324  6.23E-20      0.010
       325  6.28E-20      0.010
       326  6.33E-20      0.010
       327  6.40E-20      0.010
       328  6.46E-20      0.010
       329  6.56E-20      0.010
       330  6.65E-20      0.010
       331  6.68E-20      0.010
       332  6.72E-20      0.010
       333  6.67E-20      0.010
       334  6.56E-20      0.010
       335  6.40E-20      0.010
       336  6.09E-20      0.010
       337  6.00E-20      0.010
       338  5.99E-20      0.010
       339  5.98E-20      0.010
       340  5.94E-20      0.010
       341  5.93E-20      0.010
       342  5.98E-20      0.010
       343  5.95E-20      0.010
       344  5.95E-20      0.010
       345  5.89E-20      0.010
       346  5.86E-20      0.010
       347  5.64E-20      0.010
       348  5.52E-20      0.010
       349  5.30E-20      0.010
       350  4.90E-20      0.010
       351  4.68E-20      0.010
       352  4.45E-20      0.010
       353  4.16E-20      0.010
       354  3.98E-20      0.010
       355  3.78E-20      0.010
       356  3.66E-20      0.010
       357  3.58E-20      0.010
       358  3.55E-20      0.010
       359  3.48E-20      0.010
       360  3.38E-20      0.010
       361  3.25E-20      0.010
       362  3.22E-20      0.010
       363  2.96E-20      0.010
       364  2.78E-20      0.010
       365  2.48E-20      0.010
       366  2.28E-20      0.010
       367  1.93E-20      0.010
       368  1.73E-20      0.010
       369  1.61E-20      0.010
       370  1.51E-20      0.010
       371  1.40E-20      0.010
       372  1.23E-20      0.010
       373  1.15E-20      0.010
       374  1.11E-20      0.010
       375  1.05E-20      0.010
       376  1.02E-20      0.010
       377  9.88E-21      0.010
       378  9.55E-21      0.010
       379  8.54E-21      0.010
       380  7.78E-21      0.010
       381  7.66E-21      0.010
       382  7.66E-21      0.010
       383  6.53E-21      0.010
       384  5.22E-21      0.010
       385  4.13E-21      0.010
       386  3.28E-21      0.010
       387  2.53E-21      0.010
       388  2.32E-21      0.010
       389  1.65E-21      0.010
       390  1.12E-21      0.010
       391  1.16E-21      0.010
       392  8.12E-22      0.010
       393  8.45E-22      0.010
       394  5.95E-22      0.010
       395  1.49E-22      0.010
       396  0.00E+00      0.010
       397  0.00E+00      0.010
END
