!          Raber 95
!          MVK
       270  7.96E-21      0.001
       271  8.14E-21      0.001
       272  8.53E-21      0.001
       273  8.98E-21      0.001
       274  9.52E-21      0.001
       275  9.93E-21      0.001
       276  1.07E-20      0.001
       277  1.13E-20      0.001
       278  1.19E-20      0.001
       279  1.28E-20      0.001
       280  1.35E-20      0.001
       281  1.46E-20      0.001
       282  1.53E-20      0.001
       283  1.64E-20      0.001
       284  1.73E-20      0.001
       285  1.81E-20      0.001
       286  1.89E-20      0.001
       287  1.99E-20      0.001
       288  2.07E-20      0.001
       289  2.16E-20      0.001
       290  2.28E-20      0.001
       291  2.39E-20      0.001
       292  2.48E-20      0.001
       293  2.60E-20      0.001
       294  2.69E-20      0.001
       295  2.81E-20      0.001
       296  2.90E-20      0.001
       297  3.01E-20      0.001
       298  3.08E-20      0.001
       299  3.24E-20      0.001
       300  3.35E-20      0.001
       301  3.47E-20      0.001
       302  3.73E-20      0.001
       303  3.77E-20      0.001
       304  4.01E-20      0.001
       305  4.10E-20      0.001
       306  4.30E-20      0.001
       307  4.40E-20      0.001
       308  4.61E-20      0.001
       309  4.74E-20      0.001
       310  4.80E-20      0.001
       311  4.98E-20      0.001
       312  5.16E-20      0.001
       313  5.23E-20      0.001
       314  5.35E-20      0.001
       315  5.50E-20      0.001
       316  5.64E-20      0.001
       317  5.74E-20      0.001
       318  5.85E-20      0.001
       319  5.97E-20      0.001
       320  6.07E-20      0.001
       321  6.10E-20      0.001
       322  6.16E-20      0.001
       323  6.28E-20      0.001
       324  6.23E-20      0.001
       325  6.28E-20      0.001
       326  6.33E-20      0.001
       327  6.40E-20      0.001
       328  6.46E-20      0.001
       329  6.56E-20      0.001
       330  6.65E-20      0.001
       331  6.68E-20      0.001
       332  6.72E-20      0.001
       333  6.67E-20      0.001
       334  6.56E-20      0.001
       335  6.40E-20      0.001
       336  6.09E-20      0.001
       337  6.00E-20      0.001
       338  5.99E-20      0.001
       339  5.98E-20      0.001
       340  5.94E-20      0.001
       341  5.93E-20      0.001
       342  5.98E-20      0.001
       343  5.95E-20      0.001
       344  5.95E-20      0.001
       345  5.89E-20      0.001
       346  5.86E-20      0.001
       347  5.64E-20      0.001
       348  5.52E-20      0.001
       349  5.30E-20      0.001
       350  4.90E-20      0.001
       351  4.68E-20      0.001
       352  4.45E-20      0.001
       353  4.16E-20      0.001
       354  3.98E-20      0.001
       355  3.78E-20      0.001
       356  3.66E-20      0.001
       357  3.58E-20      0.001
       358  3.55E-20      0.001
       359  3.48E-20      0.001
       360  3.38E-20      0.001
       361  3.25E-20      0.001
       362  3.22E-20      0.001
       363  2.96E-20      0.001
       364  2.78E-20      0.001
       365  2.48E-20      0.001
       366  2.28E-20      0.001
       367  1.93E-20      0.001
       368  1.73E-20      0.001
       369  1.61E-20      0.001
       370  1.51E-20      0.001
       371  1.40E-20      0.001
       372  1.23E-20      0.001
       373  1.15E-20      0.001
       374  1.11E-20      0.001
       375  1.05E-20      0.001
       376  1.02E-20      0.001
       377  9.88E-21      0.001
       378  9.55E-21      0.001
       379  8.54E-21      0.001
       380  7.78E-21      0.001
       381  7.66E-21      0.001
       382  7.66E-21      0.001
       383  6.53E-21      0.001
       384  5.22E-21      0.001
       385  4.13E-21      0.001
       386  3.28E-21      0.001
       387  2.53E-21      0.001
       388  2.32E-21      0.001
       389  1.65E-21      0.001
       390  1.12E-21      0.001
       391  1.16E-21      0.001
       392  8.12E-22      0.001
       393  8.45E-22      0.001
       394  5.95E-22      0.001
       395  1.49E-22      0.001
       396  0.00E+00      0.001
       397  0.00E+00      0.001
END
