!          IUPAC     phi2
!          glyoxal   2 CHO.
       260  1.45E-20      0.27
       265  1.88E-20      0.27
       270   2.3E-20      0.27
       275   2.6E-20      0.27
       280  2.87E-20      0.28
       285  3.33E-20      0.29
       290  3.18E-20      0.30
       295  3.33E-20      0.32
       300  3.60E-20      0.33
       305  2.76E-20      0.34
       310  2.76E-20      0.36
     312.5  2.88E-20      0.37
       315  2.30E-20      0.39
       320  1.46E-20      0.44
       325  1.15E-20      0.51
     327.5  1.46E-20      0.55
       330  1.15E-20      0.60
       335  3.00E-21      0.65
       340  0.00E+00      0.66
       345  0.00E+00      0.57
       350  0.00E+00      0.42
       355  0.00E+00      0.30
       360  2.30E-21      0.22
       365  3.00E-21      0.18
       370  8.00E-21      0.14
       375  1.03E-20      0.11
       380  1.72E-20      0.08
       382  1.57E-20      0.08
       384  1.49E-20      0.07
       386  1.49E-20      0.06
       388  2.87E-20      0.06
       390  3.14E-20      0.05
       391  3.45E-20      0.05
       392  3.25E-20      0.04
       393  2.23E-20      0.04
       394  2.64E-20      0.04
       395  3.04E-20      0.04
       396  2.64E-20      0.03
       397  2.44E-20      0.03
       398  3.25E-20      0.03
       399  3.04E-20      0.03
       400  2.84E-20      0.02
       401  3.25E-20      0.02
       402  4.46E-20      0.02
       403  5.28E-20      0.02
       404  4.26E-20      0.02
       405  3.05E-20      0.02
       406  3.05E-20      0.02
       407  2.84E-20      0.01
       408  2.44E-20      0.01
       409  2.84E-20      0.01
       410  6.09E-20      0.01
       411  5.27E-20      0.01
       412  4.87E-20      0.01
       413  8.32E-20      0.01
       414  7.51E-20      0.00
       415  8.12E-20      0.00
END
