!          IUPAC     phi3
!          glyoxal   HCHO + CO
       260  1.45E-20      0.39
       265  1.88E-20      0.40
       270   2.3E-20      0.41
       275   2.6E-20      0.43
       280  2.87E-20      0.44
       285  3.33E-20      0.46
       290  3.18E-20      0.47
       295  3.33E-20      0.48
       300  3.60E-20      0.49
       305  2.76E-20      0.49
       310  2.76E-20      0.49
     312.5  2.88E-20      0.49
       315  2.30E-20      0.48
       320  1.46E-20      0.45
       325  1.15E-20      0.40
     327.5  1.46E-20      0.35
       330  1.15E-20      0.33
       335  3.00E-21      0.26
       340  0.00E+00      0.21
       345  0.00E+00      0.17
       350  0.00E+00      0.13
       355  0.00E+00      0.09
       360  2.30E-21      0.07
       365  3.00E-21      0.05
       370  8.00E-21      0.03
       375  1.03E-20      0.02
       380  1.72E-20      0.01
       382  1.57E-20      0.008
       384  1.49E-20      0.005
       386  1.49E-20      0.002
       388  2.87E-20         0.
       390  3.14E-20         0.
       391  3.45E-20         0.
       392  3.25E-20         0.
       393  2.23E-20         0.
       394  2.64E-20         0.
       395  3.04E-20         0.
       396  2.64E-20         0.
       397  2.44E-20         0.
       398  3.25E-20         0.
       399  3.04E-20         0.
       400  2.84E-20         0.
       401  3.25E-20         0.
       402  4.46E-20         0.
       403  5.28E-20         0.
       404  4.26E-20         0.
       405  3.05E-20         0.
       406  3.05E-20         0.
       407  2.84E-20         0.
       408  2.44E-20         0.
       409  2.84E-20         0.
       410  6.09E-20         0.
       411  5.27E-20         0.
       412  4.87E-20         0.
       413  8.32E-20         0.
       414  7.51E-20         0.
       415  8.12E-20         0.
       416  4.26E-20         0.
       417  4.87E-20         0.
       418  5.89E-20         0.
       419  6.70E-20         0.
       420  3.86E-20         0.
       421  5.68E-20         0.
       422  5.28E-20         0.
       423  1.06E-19         0.
       424  6.09E-20         0.
       425  7.31E-20         0.
       426  1.18E-19         0.
       427  1.08E-19         0.
       428  1.67E-19         0.
       429  4.06E-20         0.
       430  5.07E-20         0.
       431  4.87E-20         0.
       432  4.06E-20         0.
       433  3.65E-20         0.
       434  4.06E-20         0.
       435  5.07E-20         0.
       436  8.12E-20         0.
       437  5.28E-20         0.
       438  1.02E-19         0.
       439  7.71E-20         0.
       440  2.48E-19         0.
       441  8.12E-20         0.
       442  6.09E-20         0.
       443  7.51E-20         0.
       444  9.34E-20         0.
       445  1.14E-19         0.
       446  5.28E-20         0.
       447  2.44E-20         0.
       448  2.84E-20         0.
       449  3.86E-20         0.
       450  6.09E-20         0.
       451  1.10E-19         0.
       452  1.22E-19         0.
       453  2.40E-19         0.
       454  1.71E-19         0.
       455  4.06E-19         0.
       456  1.01E-19         0.
       457  1.63E-20         0.
       458  1.22E-20         0.
       459  4.10E-21         0.
       460  4.10E-21         0.
       461  2.00E-21         0.
       462  0.00E+00         0.
END
