!methyl glyoxal 
!recommendation Calvert 
220 1.53E-20 0.9
221 1.49E-20 0.9
222 1.43E-20 0.9
223 1.4E-20 0.9
224 1.4E-20 0.9
225 1.4E-20 0.9
226 1.41E-20 0.9
227 1.44E-20 0.9
228 1.47E-20 0.9
229 1.5E-20 0.9
230 1.55E-20 0.9
231 1.59E-20 0.9
232 1.62E-20 0.9
233 1.63E-20 0.9
234 1.68E-20 0.9
235 1.73E-20 0.9
236 1.79E-20 0.9
237 1.84E-20 0.9
238 1.88E-20 0.9
239 1.92E-20 0.9
240 1.97E-20 0.9
241 2.03E-20 0.9
242 2.07E-20 0.9
243 2.11E-20 0.9
244 2.14E-20 0.9
245 2.17E-20 0.9
246 2.19E-20 0.9
247 2.21E-20 0.9
248 2.29E-20 0.9
249 2.38E-20 0.9
250 2.41E-20 0.9
251 2.41E-20 0.9
252 2.44E-20 0.9
253 2.5E-20 0.9
254 2.54E-20 0.9
255 2.6E-20 0.9
256 2.69E-20 0.9
257 2.79E-20 0.9
258 2.89E-20 0.9
259 2.98E-20 0.9
260 3.05E-20 0.9
261 3.11E-20 0.9
262 3.16E-20 0.9
263 3.21E-20 0.9
264 3.26E-20 0.9
265 3.34E-20 0.9
266 3.46E-20 0.9
267 3.58E-20 0.9
268 3.75E-20 0.9
269 3.87E-20 0.9
270 3.94E-20 0.9
271 4.01E-20 0.9
272 4.05E-20 0.9
273 4.09E-20 0.9
274 4.12E-20 0.9
275 4.18E-20 0.9
276 4.26E-20 0.9
277 4.37E-20 0.9
278 4.47E-20 0.9
279 4.6E-20 0.9
280 4.6E-20 0.9
281 4.71E-20 0.9
282 4.71E-20 0.9
283 4.66E-20 0.9
284 4.6E-20 0.9
285 4.55E-20 0.9
286 4.5E-20 0.9
287 4.48E-20 0.9
288 4.5E-20 0.9
289 4.58E-20 0.9
290 4.65E-20 0.9
291 4.66E-20 0.9
292 4.6E-20 0.9
293 4.51E-20 0.9
294 4.39E-20 0.9
295 4.22E-20 0.9
296 4.02E-20 0.9
297 3.87E-20 0.9
298 3.74E-20 0.9
299 3.64E-20 0.9
300 3.56E-20 0.9
301 3.51E-20 0.9
302 3.52E-20 0.9
303 3.52E-20 0.9
304 3.44E-20 0.9
305 3.27E-20 0.9
306 3.06E-20 0.9
307 2.85E-20 0.9
308 2.65E-20 0.9
309 2.45E-20 0.9
310 2.27E-20 0.9
311 2.11E-20 0.9
312 1.95E-20 0.9
313 1.85E-20 0.9
314 1.76E-20 0.9
315 1.7E-20 0.9
316 1.67E-20 0.9
317 1.67E-20 0.9
318 1.64E-20 0.9
319 1.56E-20 0.9
320 1.43E-20 0.9
321 1.28E-20 0.891
322 1.15E-20 0.873
323 1.03E-20 0.864
324 9.2E-21 0.846
325 8.2E-21 0.837
326 7.1E-21 0.819
327 6.2E-21 0.81
328 5.4E-21 0.792
329 5E-21 0.783
330 4.7E-21 0.765
331 4.5E-21 0.756
332 4.3E-21 0.738
333 4E-21 0.729
334 3.9E-21 0.711
335 3.8E-21 0.702
336 3.6E-21 0.693
337 3.2E-21 0.675
338 2.8E-21 0.657
339 2.5E-21 0.648
340 2.3E-21 0.63
341 2.1E-21 0.621
342 1.9E-21 0.612
343 1.9E-21 0.594
344 1.9E-21 0.585
345 1.9E-21 0.567
346 1.9E-21 0.558
347 2E-21 0.54
348 2.1E-21 0.531
349 2.3E-21 0.513
350 2.6E-21 0.504
351 3.1E-21 0.486
352 3.5E-21 0.477
353 3.8E-21 0.459
354 4.1E-21 0.45
355 4.5E-21 0.432
356 4.9E-21 0.423
357 5.3E-21 0.405
358 5.7E-21 0.396
359 6.2E-21 0.378
360 6.8E-21 0.369
361 7.5E-21 0.351
362 8.1E-21 0.342
363 8.7E-21 0.324
364 9.3E-21 0.315
365 9.9E-21 0.306
366 1.06E-20 0.288
367 1.14E-20 0.27
368 1.22E-20 0.261
369 1.31E-20 0.252
370 1.38E-20 0.234
371 1.45E-20 0.225
372 1.53E-20 0.207
373 1.64E-20 0.198
374 1.75E-20 0.18
375 1.85E-20 0.171
376 1.95E-20 0.153
377 2.03E-20 0.144
378 2.13E-20 0.126
379 2.26E-20 0.117
380 2.38E-20 0.099
381 2.5E-20 0.099
382 2.63E-20 0.09
383 2.81E-20 0.09
384 2.97E-20 0.09
385 3.15E-20 0.081
386 3.35E-20 0.081
387 3.55E-20 0.072
388 3.69E-20 0.072
389 3.84E-20 0.072
390 3.99E-20 0.063
391 4.17E-20 0.063
392 4.31E-20 0.063
393 4.45E-20 0.054
394 4.57E-20 0.054
395 4.67E-20 0.054
396 4.89E-20 0.045
397 5.07E-20 0.045
398 5.21E-20 0.045
399 5.37E-20 0.036
400 5.51E-20 0.036
401 5.7E-20 0.036
402 5.88E-20 0.036
403 6.12E-20 0.036
404 6.37E-20 0.027
405 6.66E-20 0.027
406 6.93E-20 0.027
407 7.25E-20 0.027
408 7.54E-20 0.027
409 7.82E-20 0.027
410 8.22E-20 0.027
411 8.46E-20 0.027
412 8.75E-20 0.027
413 9.01E-20 0.018
414 9.23E-20 0.018
415 9.33E-20 0.018
416 9.36E-20 0.018
417 9.48E-20 0.018
418 9.66E-20 0.018
419 9.72E-20 0.018
420 9.81E-20 0.018
421 9.92E-20 0.018
422 1.014E-19 0.009
423 1.016E-19 0.009
424 1.007E-19 0.009
425 9.99E-20 0.009
426 9.89E-20 0.009
427 9.71E-20 0.009
428 9.64E-20 0.009
429 9.69E-20 0.009
430 9.85E-20 0.009
431 1.005E-19 0.009
432 9.77E-20 0.009
433 9.94E-20 0.009
434 1.024E-19 0.
435 1.034E-19 0.
436 1.065E-19 0.
437 1.01E-19 0.
438 9.98E-20 0.
439 1.035E-19 0.
440 1.02E-19 0.
441 9.89E-20 0.
442 9.92E-20 0.
443 1.007E-19 0.
444 1.011E-19 0.
445 9.97E-20 0.
446 9.29E-20 0.
447 9.03E-20 0.
448 9.21E-20 0.
449 9.26E-20 0.
450 8.81E-20 0.
451 8.02E-20 0.
452 7.09E-20 0.
453 5.82E-20 0.
454 5.31E-20 0.
455 4.26E-20 0.
456 3.39E-20 0.
457 2.69E-20 0.
458 2.12E-20 0.
459 1.58E-20 0.
460 1.08E-20 0.
461 6.6E-21 0.
462 4.5E-21 0.
463 3.35E-21 0.
464 2.34E-21 0.
465 1.72E-21 0.
466 1.35E-21 0.
467 1.07E-21 0.
468 9.1E-22 0.
469 7.6E-22 0.
470 6.3E-22 0.
471 5.6E-22 0.
472 5E-22 0.
473 4.28E-22 0.
474 3.51E-22 0.
475 3.12E-22 0.
476 2.82E-22 0.
477 2.59E-22 0.
478 2.42E-22 0.
479 2.28E-22 0.
480 1.99E-22 0.
481 1.82E-22 0.
482 1.59E-22 0.
483 1.41E-22 0.
484 1.34E-22 0.
485 1.22E-22 0.
486 1.08E-22 0.
487 9.5E-23 0.
488 9E-23 0.
489 8.6E-23 0.
490 8.6E-23 0.
END
