! methyl glyoxal 
! recommendation Calvert 
 220 1.53E-20 0.05
 221 1.49E-20 0.05
 222 1.43E-20 0.05
 223 1.4E-20 0.05
 224 1.4E-20 0.05
 225 1.4E-20 0.05
 226 1.41E-20 0.05
 227 1.44E-20 0.05
 228 1.47E-20 0.05
 229 1.5E-20 0.05
 230 1.55E-20 0.05
 231 1.59E-20 0.05
 232 1.62E-20 0.05
 233 1.63E-20 0.05
 234 1.68E-20 0.05
 235 1.73E-20 0.05
 236 1.79E-20 0.05
 237 1.84E-20 0.05
 238 1.88E-20 0.05
 239 1.92E-20 0.05
 240 1.97E-20 0.05
 241 2.03E-20 0.05
 242 2.07E-20 0.05
 243 2.11E-20 0.05
 244 2.14E-20 0.05
 245 2.17E-20 0.05
 246 2.19E-20 0.05
 247 2.21E-20 0.05
 248 2.29E-20 0.05
 249 2.38E-20 0.05
 250 2.41E-20 0.05
 251 2.41E-20 0.05
 252 2.44E-20 0.05
 253 2.5E-20 0.05
 254 2.54E-20 0.05
 255 2.6E-20 0.05
 256 2.69E-20 0.05
 257 2.79E-20 0.05
 258 2.89E-20 0.05
 259 2.98E-20 0.05
 260 3.05E-20 0.05
 261 3.11E-20 0.05
 262 3.16E-20 0.05
 263 3.21E-20 0.05
 264 3.26E-20 0.05
 265 3.34E-20 0.05
 266 3.46E-20 0.05
 267 3.58E-20 0.05
 268 3.75E-20 0.05
 269 3.87E-20 0.05
 270 3.94E-20 0.05
 271 4.01E-20 0.05
 272 4.05E-20 0.05
 273 4.09E-20 0.05
 274 4.12E-20 0.05
 275 4.18E-20 0.05
 276 4.26E-20 0.05
 277 4.37E-20 0.05
 278 4.47E-20 0.05
 279 4.6E-20 0.05
 280 4.6E-20 0.05
 281 4.71E-20 0.05
 282 4.71E-20 0.05
 283 4.66E-20 0.05
 284 4.6E-20 0.05
 285 4.55E-20 0.05
 286 4.5E-20 0.05
 287 4.48E-20 0.05
 288 4.5E-20 0.05
 289 4.58E-20 0.05
 290 4.65E-20 0.05
 291 4.66E-20 0.05
 292 4.6E-20 0.05
 293 4.51E-20 0.05
 294 4.39E-20 0.05
 295 4.22E-20 0.05
 296 4.02E-20 0.05
 297 3.87E-20 0.05
 298 3.74E-20 0.05
 299 3.64E-20 0.05
 300 3.56E-20 0.05
 301 3.51E-20 0.05
 302 3.52E-20 0.05
 303 3.52E-20 0.05
 304 3.44E-20 0.05
 305 3.27E-20 0.05
 306 3.06E-20 0.05
 307 2.85E-20 0.05
 308 2.65E-20 0.05
 309 2.45E-20 0.05
 310 2.27E-20 0.05
 311 2.11E-20 0.05
 312 1.95E-20 0.05
 313 1.85E-20 0.05
 314 1.76E-20 0.05
 315 1.7E-20 0.05
 316 1.67E-20 0.05
 317 1.67E-20 0.05
 318 1.64E-20 0.05
 319 1.56E-20 0.05
 320 1.43E-20 0.05
 321 1.28E-20 0.0495
 322 1.15E-20 0.0485
 323 1.03E-20 0.048
 324 9.2E-21 0.047
 325 8.2E-21 0.0465
 326 7.1E-21 0.0455
 327 6.2E-21 0.045
 328 5.4E-21 0.044
 329 5E-21 0.0435
 330 4.7E-21 0.0425
 331 4.5E-21 0.042
 332 4.3E-21 0.041
 333 4E-21 0.0405
 334 3.9E-21 0.0395
 335 3.8E-21 0.039
 336 3.6E-21 0.0385
 337 3.2E-21 0.0375
 338 2.8E-21 0.0365
 339 2.5E-21 0.036
 340 2.3E-21 0.035
 341 2.1E-21 0.0345
 342 1.9E-21 0.034
 343 1.9E-21 0.033
 344 1.9E-21 0.0325
 345 1.9E-21 0.0315
 346 1.9E-21 0.031
 347 2E-21 0.03
 348 2.1E-21 0.0295
 349 2.3E-21 0.0285
 350 2.6E-21 0.028
 351 3.1E-21 0.027
 352 3.5E-21 0.0265
 353 3.8E-21 0.0255
 354 4.1E-21 0.025
 355 4.5E-21 0.024
 356 4.9E-21 0.0235
 357 5.3E-21 0.0225
 358 5.7E-21 0.022
 359 6.2E-21 0.021
 360 6.8E-21 0.0205
 361 7.5E-21 0.0195
 362 8.1E-21 0.019
 363 8.7E-21 0.018
 364 9.3E-21 0.0175
 365 9.9E-21 0.017
 366 1.06E-20 0.016
 367 1.14E-20 0.015
 368 1.22E-20 0.0145
 369 1.31E-20 0.014
 370 1.38E-20 0.013
 371 1.45E-20 0.0125
 372 1.53E-20 0.0115
 373 1.64E-20 0.011
 374 1.75E-20 0.01
 375 1.85E-20 0.0095
 376 1.95E-20 0.0085
 377 2.03E-20 0.008
 378 2.13E-20 0.007
 379 2.26E-20 0.0065
 380 2.38E-20 0.0055
 381 2.5E-20 0.0055
 382 2.63E-20 0.005
 383 2.81E-20 0.005
 384 2.97E-20 0.005
 385 3.15E-20 0.0045
 386 3.35E-20 0.0045
 387 3.55E-20 0.004
 388 3.69E-20 0.004
 389 3.84E-20 0.004
 390 3.99E-20 0.0035
 391 4.17E-20 0.0035
 392 4.31E-20 0.0035
 393 4.45E-20 0.003
 394 4.57E-20 0.003
 395 4.67E-20 0.003
 396 4.89E-20 0.0025
 397 5.07E-20 0.0025
 398 5.21E-20 0.0025
 399 5.37E-20 0.002
 400 5.51E-20 0.002
 401 5.7E-20 0.002
 402 5.88E-20 0.002
 403 6.12E-20 0.002
 404 6.37E-20 0.0015
 405 6.66E-20 0.0015
 406 6.93E-20 0.0015
 407 7.25E-20 0.0015
 408 7.54E-20 0.0015
 409 7.82E-20 0.0015
 410 8.22E-20 0.0015
 411 8.46E-20 0.0015
 412 8.75E-20 0.0015
 413 9.01E-20 0.001
 414 9.23E-20 0.001
 415 9.33E-20 0.001
 416 9.36E-20 0.001
 417 9.48E-20 0.001
 418 9.66E-20 0.001
 419 9.72E-20 0.001
 420 9.81E-20 0.001
 421 9.92E-20 0.001
 422 1.014E-19 0.0005
 423 1.016E-19 0.0005
 424 1.007E-19 0.0005
 425 9.99E-20 0.0005
 426 9.89E-20 0.0005
 427 9.71E-20 0.0005
 428 9.64E-20 0.0005
 429 9.69E-20 0.0005
 430 9.85E-20 0.0005
 431 1.005E-19 0.0005
 432 9.77E-20 0.0005
 433 9.94E-20 0.0005
 434 1.024E-19 0.
 435 1.034E-19 0.
 436 1.065E-19 0.
 437 1.01E-19 0.
 438 9.98E-20 0.
 439 1.035E-19 0.
 440 1.02E-19 0.
 441 9.89E-20 0.
 442 9.92E-20 0.
 443 1.007E-19 0.
 444 1.011E-19 0.
 445 9.970E-20 0.
 446 9.29E-20 0.
 447 9.03E-20 0.
 448 9.21E-20 0.
 449 9.26E-20 0.
 450 8.81E-20 0.
 451 8.02E-20 0.
 452 7.09E-20 0.
 453 5.82E-20 0.
 454 5.31E-20 0.
 455 4.26E-20 0.
 456 3.39E-20 0.
 457 2.69E-20 0.
 458 2.12E-20 0.
 459 1.58E-20 0.
 460 1.08E-20 0.
 461 6.6E-21 0.
 462 4.5E-21 0.
 463 3.35E-21 0.
 464 2.34E-21 0.
 465 1.72E-21 0.
 466 1.35E-21 0.
 467 1.07E-21 0.
 468 9.1E-22 0.
 469 7.6E-22 0.
 470 6.3E-22 0.
 471 5.6E-22 0.
 472 5E-22 0.
 473 4.28E-22 0.
 474 3.51E-22 0.
 475 3.12E-22 0.
 476 2.82E-22 0.
 477 2.59E-22 0.
 478 2.42E-22 0.
 479 2.28E-22 0.
 480 1.99E-22 0.
 481 1.82E-22 0.
 482 1.59E-22 0.
 483 1.41E-22 0.
 484 1.34E-22 0.
 485 1.22E-22 0.
 486 1.08E-22 0.
 487 9.5E-23 0.
 488 9E-23 0.
 489 8.6E-23 0.
 490 8.6E-23 0.
END
