!1*0.5          
       245  1.05E-19         0.5
       250  9.24E-20         0.5
       255  8.54E-20         0.5
       260  7.98E-20         0.5
       265  7.30E-20         0.5
       270  6.49E-20         0.5
       275  5.54E-20         0.5
       280  4.49E-20         0.5
       285  3.47E-20         0.5
       290  2.60E-20         0.5
       295  1.87E-20         0.5
       300  1.32E-20         0.5
       305  9.60E-21         0.5
       310  6.20E-21         0.5
       315  4.20E-21         0.5
       320  3.20E-21         0.5
       325  2.50E-21         0.5
       330  2.00E-21         0.5
       335  1.40E-21         0.5
       340  8.00E-22         0.5
END
