!          D2               1*0.5
       245  1.09E-19        0.5
       250  9.46E-20        0.5
       255  8.69E-20        0.5
       260  8.07E-20        0.5
       265  7.34E-20        0.5
       270  6.53E-20        0.5
       275  5.68E-20        0.5
       280  4.59E-20        0.5
       285  3.56E-20        0.5
       290  2.65E-20        0.5
       295  1.90E-20        0.5
       300  1.39E-20        0.5
       305  1.04E-20        0.5
       310  7.50E-21        0.5
       315  5.50E-21        0.5
       320  4.50E-21        0.5
       325  3.40E-21        0.5
       330  2.80E-21        0.5
       335  2.20E-21        0.5
       340  1.40E-21        0.5
END
