!          D3                 
       245  1.27E-19         1.
       250  1.09E-19         1.
       255  9.89E-20         1.
       260  9.23E-20         1.
       265  8.47E-20         1.
       270  7.55E-20         1.
       275  6.40E-20         1.
       280  5.19E-20         1.
       285  3.98E-20         1.
       290  2.91E-20         1.
       295  2.04E-20         1.
       300  1.42E-20         1.
       305  1.01E-20         1.
       310  6.70E-21         1.
       315  4.30E-21         1.
       320  3.40E-21         1.
       325  2.40E-21         1.
       330  1.80E-21         1.
       335  1.40E-21         1.
       340  1.00E-21         1.
END
