!Barnes93
!          D4                 1*0.5
       245  8.31E-20         0.5
       250  7.05E-20         0.5
       255  6.39E-20         0.5
       260  5.97E-20         0.5
       265  5.49E-20         0.5
       270  4.89E-20         0.5
       275  4.29E-20         0.5
       280  3.46E-20         0.5
       285  2.68E-20         0.5
       290  1.98E-20         0.5
       295   1.4E-20         0.5
       300   9.8E-21         0.5
       305   6.8E-21         0.5
       310   4.6E-21         0.5
       315   2.9E-21         0.5
       320   2.2E-21         0.5
       325   1.4E-21         0.5
       330     1E-21         0.5
       335     7E-22         0.5
       340     2E-22         0.5
END
