!Barnes93
!          D5
       245  9.28E-20         1.
       250  7.63E-20         1.
       255  6.63E-20         1.
       260  5.92E-20         1.
       265  5.29E-20         1.
       270  4.66E-20         1.
       275  4.13E-20         1.
       280  3.38E-20         1.
       285  2.66E-20         1.
       290  2.03E-20         1.
       295  1.52E-20         1.
       300  1.14E-20         1.
       305   9.2E-21         1.
       310   6.5E-21         1.
       315   4.2E-21         1.
       320   3.3E-21         1.
       325   1.4E-21         1.
       330     2E-22         1.
END
