!                     methylhydroperoxide
!             IUPAC 99  IUPAC 99
!             CH3OOH
                 210  3.12E-19        1.
                 215  2.09E-19        1.
                 220  1.54E-19        1.
                 225  1.22E-19        1.
                 230  9.62E-20        1.
                 235  7.61E-20        1.
                 240  6.05E-20        1.
                 245  4.88E-20        1.
                 250  3.98E-20        1.
                 255  3.23E-20        1.
                 260  2.56E-20        1.
                 265  2.11E-20        1.
                 270   1.7E-20        1.
                 275  1.39E-20        1.
                 280  1.09E-20        1.
                 285  8.63E-21        1.
                 290  6.91E-21        1.
                 295  5.51E-21        1.
                 300  4.13E-21        1.
                 305  3.13E-21        1.
                 310  2.39E-21        1.
                 315  1.82E-21        1.
                 320  1.37E-21        1.
                 325  1.05E-21        1.
                 330   7.9E-22        1.
                 335   6.1E-22        1.
                 340   4.7E-22        1.
                 345   3.5E-22        1.
                 350   2.7E-22        1.
                 355   2.1E-22        1.
                 360   1.6E-22        1.
                 365   1.2E-22        1.
                 370     0.0E+0       1.
END
