!Orlando99
!          hydroxyacétone
       236  2.13E-20        0.6
       237  2.29E-20        0.6
       238  2.43E-20        0.6
       239  2.59E-20        0.6
       240  2.78E-20        0.6
       241  2.94E-20        0.6
       242  3.14E-20        0.6
       243  3.34E-20        0.6
       244  3.55E-20        0.6
       245  3.74E-20        0.6
       246  3.95E-20        0.6
       247  4.14E-20        0.6
       248  4.34E-20        0.6
       249  4.56E-20        0.6
       250  4.76E-20        0.6
       251  4.98E-20        0.6
       252  5.18E-20        0.6
       253  5.36E-20        0.6
       254  5.54E-20        0.6
       255  5.72E-20        0.6
       256  5.89E-20        0.6
       257  6.06E-20        0.6
       258  6.19E-20        0.6
       259   6.3E-20        0.6
       260  6.41E-20        0.6
       261   6.5E-20        0.6
       262  6.61E-20        0.6
       263  6.68E-20        0.6
       264  6.72E-20        0.6
       265  6.74E-20        0.6
       266  6.74E-20        0.6
       267  6.74E-20        0.6
       268  6.71E-20        0.6
       269  6.67E-20        0.6
       270  6.61E-20        0.6
       271  6.53E-20        0.6
       272  6.42E-20        0.6
       273   6.3E-20        0.6
       274  6.18E-20        0.6
       275  6.05E-20        0.6
       276   5.9E-20        0.6
       277  5.73E-20        0.6
       278  5.54E-20        0.6
       279  5.33E-20        0.6
       280  5.12E-20        0.6
       281  4.91E-20        0.6
       282  4.69E-20        0.6
       283  4.48E-20        0.6
       284  4.27E-20        0.6
       285  4.05E-20        0.6
       286  3.82E-20        0.6
       287  3.58E-20        0.6
       288  3.34E-20        0.6
       289  3.11E-20        0.6
       290  2.87E-20        0.6
       291  2.66E-20        0.6
       292  2.45E-20        0.6
       293  2.26E-20        0.6
       294  2.06E-20        0.6
       295  1.87E-20        0.6
       296  1.69E-20        0.6
       297  1.52E-20        0.6
       298  1.36E-20        0.6
       299  1.22E-20        0.6
       300  0.68E-20        0.6
       301  9.61E-21      0.6
       302  8.43E-21      0.6
       303  7.43E-21      0.6
       304  6.52E-21      0.6
       305  5.69E-21      0.6
       306  4.93E-21      0.6
       307  4.31E-21      0.6
       308  3.79E-21      0.6
       309  3.31E-21      0.6
       310  2.87E-21      0.6
       311  2.49E-21      0.6
       312  2.19E-21      0.6
       313  1.92E-21      0.6
       314  1.77E-21      0.6
       315  1.57E-21      0.6
       316  1.42E-21      0.6
       317  1.33E-21      0.6
       318  1.17E-21      0.6
       319  0.64E-21      0.6
       320  9.54E-22      0.6
       321  8.67E-22      0.6
       322  7.76E-22      0.6
       323  7.17E-22      0.6
       324  6.72E-22      0.6
       325  6.29E-22      0.6
       326  6.51E-22      0.6
       327  5.66E-22      0.6
       328  5.07E-22      0.6
       329  5.09E-22      0.6
       330  4.63E-22      0.6
       331  4.06E-22      0.6
       332  3.72E-22      0.6
       333  3.58E-22      0.6
       334  3.74E-22      0.6
       335  3.45E-22      0.6
       336  3.13E-22      0.6
       337  3.81E-22      0.6
       338  3.44E-22      0.6
       339  3.07E-22      0.6
       340  2.70E-22      0.6
       341  2.33E-22      0.6
       342  1.96E-22      0.6
       343  1.59E-22      0.6
       344  1.22E-22      0.6
       345  8.50E-23      0.6
       346  4.80E-23      0.6
       347  1.10E-23      0.6
       348  0.00E+00      0.6
END
