!bauerle 99 hydromethylhydroperoxyde
       205 2.691E-19         1.
       210 2.256E-19         1.
       215 1.875E-19         1.
       220 1.546E-19         1.
       225 1.247E-19         1.
       230 1.006E-19         1.
       235  7.89E-20         1.
       240  5.98E-20         1.
       245  4.68E-20         1.
       250  3.78E-20         1.
       255  2.88E-20         1.
       260  2.31E-20         1.
       265  1.81E-20         1.
       270  1.48E-20         1.
       275  1.21E-20         1.
       280   9.3E-21         1.
       285   7.5E-21         1.
       290   6.3E-21         1.
       295   5.1E-21         1.
       300     4E-21         1.
       305   2.9E-21         1.
       310   2.2E-21         1.
       315   1.8E-21         1.
       320   1.3E-21         1.
       325     1E-21         1.
       330   7.3E-22         1.
       335   5.9E-22         1.
       340   4.5E-22         1.
       345   3.6E-22         1.
       350   2.8E-22         1.
       355   2.2E-22         1.
       360   1.7E-22         1.
END
