!          acide glyoxilic     Back 1985
!          -> CO2 + HCHO
       222  3.91E-20      0.84
       223  3.75E-20      0.84
       224  3.55E-20      0.84
       225  3.34E-20      0.84
       226  3.16E-20      0.84
       227  2.98E-20      0.84
       228  2.82E-20      0.84
       229  2.71E-20      0.84
       230  2.63E-20      0.84
       231  2.58E-20      0.84
       232  2.55E-20      0.84
       233  2.53E-20      0.84
       234  2.54E-20      0.84
       235  2.56E-20      0.84
       236  2.59E-20      0.84
       237  2.62E-20      0.84
       238  2.64E-20      0.84
       239  2.64E-20      0.84
       240  2.63E-20      0.84
       241  2.61E-20      0.85
       242  2.58E-20      0.85
       243  2.54E-20      0.85
       244  2.49E-20      0.85
       245  2.45E-20      0.86
       246  2.41E-20      0.86
       247  2.36E-20      0.86
       248  2.30E-20      0.86
       249  2.24E-20      0.87
       250  2.17E-20      0.87
       251  2.12E-20      0.87
       252  2.07E-20      0.87
       253  2.03E-20      0.88
       254  1.98E-20      0.88
       255  1.92E-20      0.88
       256  1.84E-20      0.88
       257  1.77E-20      0.89
       258  1.69E-20      0.89
       259  1.60E-20      0.89
       260  1.52E-20      0.89
       261  1.45E-20      0.90
       262  1.38E-20      0.90
       263  1.33E-20      0.90
       264  1.28E-20      0.90
       265  1.21E-20      0.91
       266  1.14E-20      0.91
       267  1.06E-20      0.91
       268  9.81E-21      0.91
       269  8.98E-21      0.92
       270  8.05E-21      0.92
       271  7.45E-21      0.92
       272  7.02E-21      0.92
       273  6.62E-21      0.93
       274  6.27E-21      0.93
       275  5.90E-21      0.93
       276  5.51E-21      0.93
       277  5.08E-21      0.93
       278  4.68E-21      0.93
       279  4.33E-21      0.93
       280  4.02E-21      0.94
       281  3.70E-21      0.94
       282  3.41E-21      0.94
       283  3.14E-21      0.94
       284  2.92E-21      0.94
       285  2.75E-21      0.94
       286  2.60E-21      0.94
       287  2.43E-21      0.94
       288  2.33E-21      0.94
       289  2.25E-21      0.94
       290  2.17E-21      0.95
       291  2.07E-21      0.95
       292  2.00E-21      0.95
       293  1.92E-21      0.95
       294  1.86E-21      0.95
       295  1.77E-21      0.95
       296  1.61E-21      0.95
       297  1.61E-21      0.95
       298  1.56E-21      0.95
       299  1.08E-21      0.95
       300  1.51E-21      0.96
       301  1.54E-21      0.96
       302  1.57E-21      0.96
       303  1.59E-21      0.96
       304  1.62E-21      0.96
       305  1.66E-21      0.96
       306  0.00E+00      0.96
       307  1.75E-21      0.96
       308  1.83E-21      0.96
       309  1.87E-21      0.96
       310  1.96E-21      0.97
       311  2.00E-21      0.97
       312  2.07E-21      0.97
       313  0.00E+00      0.97
       314  2.22E-21      0.97
       315  2.28E-21      0.97
       316  2.35E-21      0.97
       317  2.51E-21      0.97
       318  2.58E-21      0.97
       319  2.66E-21      0.97
       320  2.81E-21      0.98
       321  2.93E-21      0.98
       322  3.05E-21      0.98
       323  3.22E-21      0.98
       324  3.35E-21      0.98
       325  3.51E-21      0.98
       326  3.90E-21      0.98
       327  4.19E-21      0.98
       328  4.46E-21      0.98
       329  4.70E-21      0.98
       330  4.97E-21      0.99
       331  5.19E-21      0.99
       332  5.48E-21      0.99
       333  5.53E-21      0.99
       334  5.45E-21      0.99
       335  5.58E-21      0.99
       336  5.47E-21      0.99
       337  5.92E-21      0.99
       338  6.64E-21      0.99
       339  7.33E-21      0.99
       340  7.99E-21      0.99
       341  8.63E-21      1.00
       342  9.34E-21      1.00
       343  9.99E-21      1.00
       344  1.01E-20      1.00
       345  9.97E-21      1.00
       346  1.02E-20      1.00
       347  1.05E-20      1.00
       348  1.03E-20      1.00
       349  1.01E-20      0.99
       350  1.07E-20      0.99
       351  1.01E-20      0.99
       352  1.01E-20      0.99
       353  1.03E-20      0.99
       354  1.11E-20      0.98
       355  1.24E-20      0.98
       356  1.32E-20      0.98
       357  1.33E-20      0.98
       358  1.41E-20      0.98
       359  1.36E-20      0.97
       360  1.45E-20      0.97
       361  1.45E-20      0.97
       362  1.46E-20      0.97
       363  1.45E-20      0.97
       364  1.57E-20      0.96
       365  1.33E-20      0.96
       366  1.23E-20      0.96
       367  1.18E-20      0.94
       368  1.11E-20      0.93
       369  1.08E-20      0.91
       370  1.11E-20      0.90
       371  1.45E-20      0.89
       372  1.57E-20      0.87
       373  1.57E-20      0.86
       374  1.59E-20      0.84
       375  1.65E-20      0.83
       376  1.41E-20      0.82
       377  1.54E-20      0.80
       378  1.56E-20      0.79
       379  1.38E-20      0.77
       380  2.80E-20      0.76
       381  2.20E-20      0.74
       382  1.41E-20      0.73
       383  8.99E-21      0.73
       384  6.75E-21      0.73
       385  6.68E-21      0.73
       386  6.39E-21      0.73
       387  4.70E-21      0.73
       388  3.62E-21      0.73
       389  2.98E-21      0.73
       390  2.98E-21      0.73
       391  2.81E-21      0.73
       392  2.59E-21      0.73
       393  2.73E-21      0.73
       394  3.22E-21      0.73
       395  3.31E-21      0.73
       396  2.81E-21      0.73
       397  3.07E-21      0.73
       398  2.98E-21      0.73
       399  2.61E-21      0.73
       400  2.33E-21      0.73
       401  2.08E-21      0.73
       402  2.01E-21      0.73
       403  2.13E-21      0.73
       404  2.19E-21      0.73
       405  2.03E-21      0.73
       406  1.59E-21      0.73
       407  1.25E-21      0.73
END
