!          acide glyoxilic     Back 1985
!          -> 2CO+ H2O
       222  3.91E-20      0.16
       223  3.75E-20      0.16
       224  3.55E-20      0.16
       225  3.34E-20      0.16
       226  3.16E-20      0.16
       227  2.98E-20      0.16
       228  2.82E-20      0.16
       229  2.71E-20      0.16
       230  2.63E-20      0.16
       231  2.58E-20      0.16
       232  2.55E-20      0.16
       233  2.53E-20      0.16
       234  2.54E-20      0.16
       235  2.56E-20      0.16
       236  2.59E-20      0.16
       237  2.62E-20      0.16
       238  2.64E-20      0.16
       239  2.64E-20      0.16
       240  2.63E-20      0.16
       241  2.61E-20      0.15
       242  2.58E-20      0.15
       243  2.54E-20      0.15
       244  2.49E-20      0.15
       245  2.45E-20      0.14
       246  2.41E-20      0.14
       247  2.36E-20      0.14
       248  2.30E-20      0.14
       249  2.24E-20      0.13
       250  2.17E-20      0.13
       251  2.12E-20      0.13
       252  2.07E-20      0.13
       253  2.03E-20      0.12
       254  1.98E-20      0.12
       255  1.92E-20      0.12
       256  1.84E-20      0.12
       257  1.77E-20      0.11
       258  1.69E-20      0.11
       259  1.60E-20      0.11
       260  1.52E-20      0.11
       261  1.45E-20      0.10
       262  1.38E-20      0.10
       263  1.33E-20      0.10
       264  1.28E-20      0.10
       265  1.21E-20      0.09
       266  1.14E-20      0.09
       267  1.06E-20      0.09
       268  9.81E-21      0.09
       269  8.98E-21      0.08
       270  8.05E-21      0.08
       271  7.45E-21      0.08
       272  7.02E-21      0.08
       273  6.62E-21      0.07
       274  6.27E-21      0.07
       275  5.90E-21      0.07
       276  5.51E-21      0.07
       277  5.08E-21      0.07
       278  4.68E-21      0.07
       279  4.33E-21      0.07
       280  4.02E-21      0.06
       281  3.70E-21      0.06
       282  3.41E-21      0.06
       283  3.14E-21      0.06
       284  2.92E-21      0.06
       285  2.75E-21      0.06
       286  2.60E-21      0.06
       287  2.43E-21      0.06
       288  2.33E-21      0.06
       289  2.25E-21      0.06
       290  2.17E-21      0.05
       291  2.07E-21      0.05
       292  2.00E-21      0.05
       293  1.92E-21      0.05
       294  1.86E-21      0.05
       295  1.77E-21      0.05
       296  1.61E-21      0.05
       297  1.61E-21      0.05
       298  1.56E-21      0.05
       299  1.08E-21      0.05
       300  1.51E-21      0.04
       301  1.54E-21      0.04
       302  1.57E-21      0.04
       303  1.59E-21      0.04
       304  1.62E-21      0.04
       305  1.66E-21      0.04
       306  0.00E+00      0.04
       307  1.75E-21      0.04
       308  1.83E-21      0.04
       309  1.87E-21      0.04
       310  1.96E-21      0.03
       311  2.00E-21      0.03
       312  2.07E-21      0.03
       313  0.00E+00      0.03
       314  2.22E-21      0.03
       315  2.28E-21      0.03
       316  2.35E-21      0.03
       317  2.51E-21      0.03
       318  2.58E-21      0.03
       319  2.66E-21      0.03
       320  2.81E-21      0.02
       321  2.93E-21      0.02
       322  3.05E-21      0.02
       323  3.22E-21      0.02
       324  3.35E-21      0.02
       325  3.51E-21      0.02
       326  3.90E-21      0.02
       327  4.19E-21      0.02
       328  4.46E-21      0.02
       329  4.70E-21      0.02
       330  4.97E-21      0.01
       331  5.19E-21      0.01
       332  5.48E-21      0.01
       333  5.53E-21      0.01
       334  5.45E-21      0.01
       335  5.58E-21      0.01
       336  5.47E-21      0.01
       337  5.92E-21      0.01
       338  6.64E-21      0.01
       339  7.33E-21      0.01
       340  7.99E-21      0.01
       341  8.63E-21      0.00
       342  9.34E-21      0.00
       343  9.99E-21      0.00
       344  1.01E-20      0.00
       345  9.97E-21      0.00
       346  1.02E-20      0.00
       347  1.05E-20      0.00
       348  1.03E-20      0.00
       349  1.01E-20      0.01
       350  1.07E-20      0.01
       351  1.01E-20      0.01
       352  1.01E-20      0.01
       353  1.03E-20      0.01
       354  1.11E-20      0.02
       355  1.24E-20      0.02
       356  1.32E-20      0.02
       357  1.33E-20      0.02
       358  1.41E-20      0.02
       359  1.36E-20      0.03
       360  1.45E-20      0.03
       361  1.45E-20      0.03
       362  1.46E-20      0.03
       363  1.45E-20      0.03
       364  1.57E-20      0.04
       365  1.33E-20      0.04
       366  1.23E-20      0.04
       367  1.18E-20      0.06
       368  1.11E-20      0.07
       369  1.08E-20      0.09
       370  1.11E-20      0.10
       371  1.45E-20      0.11
       372  1.57E-20      0.13
       373  1.57E-20      0.14
       374  1.59E-20      0.16
       375  1.65E-20      0.17
       376  1.41E-20      0.18
       377  1.54E-20      0.20
       378  1.56E-20      0.21
       379  1.38E-20      0.23
       380  2.80E-20      0.24
       381  2.20E-20      0.26
       382  1.41E-20      0.27
       383  8.99E-21      0.27
       384  6.75E-21      0.27
       385  6.68E-21      0.27
       386  6.39E-21      0.27
       387  4.70E-21      0.27
       388  3.62E-21      0.27
       389  2.98E-21      0.27
       390  2.98E-21      0.27
       391  2.81E-21      0.27
       392  2.59E-21      0.27
       393  2.73E-21      0.27
       394  3.22E-21      0.27
       395  3.31E-21      0.27
       396  2.81E-21      0.27
       397  3.07E-21      0.27
       398  2.98E-21      0.27
       399  2.61E-21      0.27
       400  2.33E-21      0.27
       401  2.08E-21      0.27
       402  2.01E-21      0.27
       403  2.13E-21      0.27
       404  2.19E-21      0.27
       405  2.03E-21      0.27
       406  1.59E-21      0.27
       407  1.25E-21      0.27
END
