!          acide oxalique              Yamamoto 1985
!           -> CO2+HCOOH
       255          6.70E-20      0.72
       256          6.87E-20      0.72
       257          7.22E-20      0.72
       258          7.42E-20      0.72
       259          7.53E-20      0.72
       260          7.46E-20      0.72
       261          7.30E-20      0.72
       262          7.17E-20      0.72
       263          7.15E-20      0.72
       264          7.48E-20      0.72
       265          7.93E-20      0.72
       266          8.57E-20      0.72
       267          9.03E-20      0.72
       268          9.20E-20      0.72
       269          8.87E-20      0.72
       270          8.64E-20      0.72
       271          7.94E-20      0.72
       272          7.69E-20      0.72
       273          7.49E-20      0.72
       274          7.74E-20      0.72
       275          8.03E-20      0.72
       276          9.02E-20      0.72
       277          9.23E-20      0.72
       278          9.58E-20      0.72
       279          8.96E-20      0.72
       280          7.90E-20      0.72
       281          7.00E-20      0.72
       282          6.07E-20      0.72
       283          5.83E-20      0.72
       284          5.61E-20      0.72
       285          5.58E-20      0.72
       286          5.85E-20      0.72
       287          7.25E-20      0.72
       288          7.31E-20      0.72
       289          6.88E-20      0.72
       290          6.09E-20      0.72
       291          4.79E-20      0.72
       292          3.93E-20      0.72
       293          3.13E-20      0.72
       294          2.61E-20      0.72
       295          2.42E-20      0.72
       296          2.29E-20      0.72
       297          2.17E-20      0.72
       298          2.20E-20      0.72
       299          3.00E-20      0.72
       300          3.65E-20      0.72
       301          2.70E-20      0.72
       302          2.25E-20      0.72
       303          1.65E-20      0.72
       304          1.13E-20      0.72
       305          7.65E-21      0.72
       306          6.74E-21      0.72
       307          4.46E-21      0.72
       308          2.90E-21      0.72
       309          2.49E-21      0.72
END
