!          acide oxalique              Yamamoto 1985
!           -> CO2+CO+H2O
       255          6.70E-20      0.27
       256          6.87E-20      0.27
       257          7.22E-20      0.27
       258          7.42E-20      0.27
       259          7.53E-20      0.27
       260          7.46E-20      0.27
       261          7.30E-20      0.27
       262          7.17E-20      0.27
       263          7.15E-20      0.27
       264          7.48E-20      0.27
       265          7.93E-20      0.27
       266          8.57E-20      0.27
       267          9.03E-20      0.27
       268          9.20E-20      0.27
       269          8.87E-20      0.27
       270          8.64E-20      0.27
       271          7.94E-20      0.27
       272          7.69E-20      0.27
       273          7.49E-20      0.27
       274          7.74E-20      0.27
       275          8.03E-20      0.27
       276          9.02E-20      0.27
       277          9.23E-20      0.27
       278          9.58E-20      0.27
       279          8.96E-20      0.27
       280          7.90E-20      0.27
       281          7.00E-20      0.27
       282          6.07E-20      0.27
       283          5.83E-20      0.27
       284          5.61E-20      0.27
       285          5.58E-20      0.27
       286          5.85E-20      0.27
       287          7.25E-20      0.27
       288          7.31E-20      0.27
       289          6.88E-20      0.27
       290          6.09E-20      0.27
       291          4.79E-20      0.27
       292          3.93E-20      0.27
       293          3.13E-20      0.27
       294          2.61E-20      0.27
       295          2.42E-20      0.27
       296          2.29E-20      0.27
       297          2.17E-20      0.27
       298          2.20E-20      0.27
       299          3.00E-20      0.27
       300          3.65E-20      0.27
       301          2.70E-20      0.27
       302          2.25E-20      0.27
       303          1.65E-20      0.27
       304          1.13E-20      0.27
       305          7.65E-21      0.27
       306          6.74E-21      0.27
       307          4.46E-21      0.27
       308          2.90E-21      0.27
       309          2.49E-21      0.27
END
