!          Zhu 1997
!          n C5H11ONO2
       265  4.09E-20         1.
       270  3.72E-20         1.
       275  3.00E-20         1.
       280  2.70E-20         1.
       285  2.03E-20         1.
       290  1.50E-20         1.
       295  9.69E-21         1.
       300  7.10E-21         1.
       305  4.53E-21         1.
       310  2.77E-21         1.
       315  1.51E-21         1.
       320  7.85E-22         1.
       325  3.67E-22         1.
       330  1.77E-22         1.
       335  8.43E-23         1.
       340  3.92E-23         1.
       345  1.49E-23         1.
       350  5.70E-24         1.
       355  2.07E-24         1.
       360  0.00E+00         1.
END
