!          IUPAC
!2-butylnitrate
       250  6.50E-20         1.
       255  5.60E-20         1.
       260  5.20E-20         1.
       265  4.80E-20         1.
       270  4.20E-20         1.
       275  3.70E-20         1.
       280  3.10E-20         1.
       285  2.40E-20         1.
       290  1.80E-20         1.
       295  1.30E-20         1.
       300  7.40E-21         1.
       305  5.00E-21         1.
       310  2.90E-21         1.
       315  1.50E-21         1.
       320  8.00E-22         1.
       325  4.00E-22         1.
       330  2.00E-22         1.
       335  1.00E-22         1.
       340  1.00E-23         1.
       345  0.00E+00         1.
END
