!Roberts (89)
! tert-butylnitrate
! 
       270  4.27E-20         1.
       275  4.05E-20         1.
       280  3.66E-20         1.
       285  3.14E-20         1.
       290  2.57E-20         1.
       295  2.00E-20         1.
       300  1.48E-20         1.
       305  1.04E-20         1.
       310  6.99E-21         1.
       315  4.46E-21         1.
       320  2.70E-21         1.
       325  1.56E-21         1.
       330  8.59E-22         1.
       335  4.49E-22         1.
       340  2.23E-22         1.
       345  1.06E-22         1.
       350  4.77E-23         1.
       355  2.04E-23         1.
       360  8.34E-24         1.
END
