!CH3O2NO2
!Absorption cross section :IUPAC 99
!Quantum yield : no data (0.5 for each channel)
       200  5.00E-18        0.5
       205  3.60E-18        0.5
       210  2.40E-18        0.5
       215  1.50E-18        0.5
       220  1.05E-18        0.5
       225  8.00E-19        0.5
       230  6.80E-19        0.5
       235  6.00E-19        0.5
       240  5.30E-19        0.5
       245  4.60E-19        0.5
       250  3.90E-19        0.5
       255  3.20E-19        0.5
       260  2.60E-19        0.5
       265  2.00E-19        0.5
       270  1.60E-19        0.5
       275  1.30E-19        0.5
       280  1.05E-19        0.5
       285  6.20E-20        0.5
       290  3.90E-20        0.5
       295  2.40E-20        0.5
       300  1.40E-20        0.5
       305  8.50E-21        0.5
       310  5.30E-21        0.5
       315  3.90E-21        0.5
       320  2.40E-21        0.5
       325  1.50E-21        0.5
       330  7.30E-22        0.5
       335  5.13E-22        0.5
       340  3.67E-22        0.5
       345  2.67E-22        0.5
       350  1.98E-22        0.5
       355  1.49E-22        0.5
       360  1.15E-22        0.5
       365  8.98E-23        0.5
       370  7.15E-23        0.5
       375  5.79E-23        0.5
       380  4.78E-23        0.5
       385  4.01E-23        0.5
       390  3.43E-23        0.5
       395  2.99E-23        0.5
       400  2.65E-23        0.5
       405  2.39E-23        0.5
       410  2.19E-23        0.5
       415  2.05E-23        0.5
       420  1.95E-23        0.5
       425  1.89E-23        0.5
       430  0.00E+00        0.5
END
