!     IUPAC99
!          CH3C(O)OONO2
       196  4.29E-18         1.
       198  3.98E-18         1.
       200  3.61E-18         1.
       202  3.25E-18         1.
       204  2.92E-18         1.
       206  2.61E-18         1.
       208  2.26E-18         1.
       210  1.96E-18         1.
       212  1.68E-18         1.
       214  1.43E-18         1.
       216  1.22E-18         1.
       218  1.04E-18         1.
       220  8.97E-19         1.
       222  7.77E-19         1.
       224  6.76E-19         1.
       226  5.93E-19         1.
       228  5.20E-19         1.
       230  4.58E-19         1.
       232  4.04E-19         1.
       234  3.55E-19         1.
       236  3.14E-19         1.
       238  2.79E-19         1.
       240  2.44E-19         1.
       242  2.15E-19         1.
       244  1.88E-19         1.
       246  1.66E-19         1.
       248  1.46E-19         1.
       250  1.29E-19         1.
       252  1.14E-19         1.
       254  1.00E-19         1.
       256  8.86E-20         1.
       258  7.80E-20         1.
       260  6.85E-20         1.
       262  6.01E-20         1.
       264  5.23E-20         1.
       266  4.54E-20         1.
       268  3.94E-20         1.
       270  3.37E-20         1.
       272  2.87E-20         1.
       274  2.45E-20         1.
       276  2.07E-20         1.
       278  1.74E-20         1.
       280  1.46E-20         1.
       282  1.21E-20         1.
       284  1.01E-20         1.
       286  8.10E-21         1.
       288  6.48E-21         1.
       290  5.37E-21         1.
       292  4.47E-21         1.
       294  3.69E-21         1.
       296  2.97E-21         1.
       298  2.45E-21         1.
       300  1.89E-21         1.
       302  1.52E-21         1.
       304  1.25E-21         1.
       306  9.98E-22         1.
       308  8.16E-22         1.
       310  6.66E-22         1.
       312  5.38E-22         1.
       314  4.62E-22         1.
       316  3.63E-22         1.
       318  3.00E-22         1.
       320  2.52E-22         1.
       322  1.99E-22         1.
       324  1.66E-22         1.
       326  1.40E-22         1.
       328  1.17E-22         1.
       330  1.06E-22         1.
       332  8.57E-23         1.
       334  6.76E-23         1.
       336  6.15E-23         1.
       338  5.26E-23         1.
       340  5.02E-23         1.
       342  3.60E-23         1.
       344  2.41E-23         1.
       346  2.31E-23         1.
       348  2.47E-23         1.
       350  1.65E-23         1.
       352  1.55E-23         1.
       354  1.32E-23         1.
       356  1.13E-23         1.
       358  9.70E-24         1.
       360  8.34E-24         1.
       362  7.18E-24         1.
       364  6.20E-24         1.
       366  5.36E-24         1.
       368  4.65E-24         1.
       370  4.03E-24         1.
END
