!propionaldehyde -> R. + CHO.
!Absorption cross sections : IUPAC 99 
!Quantum yield : IUPAC 99 
       202  4.90E-22         1. 
       206  4.90E-22         1. 
       210  5.70E-22         1. 
       214  6.90E-22         1. 
       218  8.00E-22         1. 
       222  9.10E-22         1. 
       226  1.15E-21         1. 
       230  1.63E-21         1. 
       234  2.57E-21         1. 
       238  4.07E-21         1. 
       242  6.22E-21         1. 
       246  9.09E-21         1. 
       250  1.29E-20         1. 
       254  1.75E-20         1. 
       258  2.25E-20         1. 
       262  2.88E-20         1. 
       266  3.43E-20         1. 
       270  4.12E-20         1. 
       274  4.59E-20         0.99 
       278  5.17E-20         0.97 
       280  5.16E-20         0.96 
       281  5.21E-20         0.955 
       282  5.35E-20         0.95 
       283  5.57E-20         0.945 
       284  5.78E-20         0.94 
       285  5.86E-20         0.935 
       286  5.82E-20         0.93 
       287  5.72E-20         0.925 
       288  5.59E-20         0.92 
       289  5.52E-20         0.915 
       290  5.56E-20         0.91 
       291  5.68E-20         0.905 
       292  5.81E-20         0.9 
       293  5.98E-20         0.895 
       294  5.80E-20         0.89 
       295  5.57E-20         0.89 
       296  5.37E-20         0.880
       297  5.16E-20         0.876
       298  5.02E-20         0.871
       299  5.02E-20         0.866
       300  5.04E-20         0.861
       301  5.09E-20         0.856
       302  5.07E-20         0.847
       303  4.94E-20         0.818
       304  4.69E-20         0.787
       305  4.32E-20         0.756
       306  4.04E-20         0.724
       307  3.81E-20         0.692
       308  3.65E-20         0.661
       309  3.62E-20         0.629
       310  3.60E-20         0.597
       311  3.53E-20         0.565
       312  3.50E-20         0.535
       313  3.32E-20         0.504
       314  3.06E-20         0.483
       315  2.77E-20         0.463
       316  2.43E-20         0.443
       317  2.18E-20         0.424
       318  2.00E-20         0.404
       319  1.86E-20         0.383
       320  1.83E-20         0.364
       321  1.78E-20         0.344
       322  1.66E-20         0.323
       323  1.58E-20         0.303
       324  1.49E-20         0.284
       325  1.30E-20         0.265
       326  1.13E-20         0.252
       327  9.96E-21         0.240
       328  8.28E-21         0.227
       329  6.85E-21         0.215
       330  5.75E-21         0.203
       331  4.94E-21         0.190
       332  4.66E-21         0.178
       333  4.30E-21         0.166
       334  3.73E-21         0.157
       335  3.25E-21         0.145
       336  2.80E-21         0.133 
       337  2.30E-21         0.121
       338  1.85E-21         0.109
       339  1.66E-21         0.096
       340  1.55E-21         0.084
       341  1.19E-21         0.072 
       342  7.60E-22         0.060
       343  4.50E-22         0.048
       344  3.10E-22         0.035
       345  2.50E-22         0.023
       346  1.90E-22         0.011 
       347  1.60E-22         0. 
       348  1.40E-22         0. 
       349  1.30E-22         0. 
       350  1.00E-22         0. 
       351  8.00E-23         0. 
       352  7.00E-23         0. 
       353  5.00E-23         0. 
       354  4.00E-23         0. 
       355  2.00E-23         0. 
       356  1.00E-23         0. 
       357  1.00E-23         0. 
       358  0.00E+00         0. 
END
