!For aldehyde with gamma H and Calph = tertiary
!RCHO -> R. + CHO.
!Absorption cross sections : t-pentanal (Zhu 99)
!Quantum yield : n-pentanal (Zhu 99)
       280  3.90E-20      0.058
       285  4.00E-20      0.095
       290  4.16E-20      0.10
       295  4.26E-20      0.14
       300  3.95E-20      0.10
       305  3.75E-20      0.15
       310  3.13E-20      0.15
       315  2.57E-20      0.14
       320  1.78E-20      0.20
       325  1.09E-20      0.14
       330  5.60E-21      0.085
       335  3.58E-21      0.087
       340  1.87E-21      0.087
       345  9.05E-22      0.087
       350  4.08E-22      0.087
       355  1.71E-22      0.087
       360  6.63E-23      0.087
       365  2.40E-23      0.087
       370  8.03E-24      0.087
       375  2.50E-24      0.087
       380  7.24E-25      0.087
       385  1.95E-25      0.087
       390  4.86E-26      0.087
END
