!For aldehyde with gamma	H and Calph = tertiary
!RCHO ->	Norrish II				
!Absorption cross sections : t-pentanal	(Zhu	99)		
!Quantum	yield :	n-pentanal (Moortgat 99 = 0.63*029)			
	280	3.90E-20	0.18					
	285	4.00E-20	0.18					
	290	4.16E-20	0.18					
	295	4.26E-20	0.18					
	300	3.95E-20	0.18					
	305	3.75E-20	0.18					
	310	3.13E-20	0.18					
	315	2.57E-20	0.18					
	320	1.78E-20	0.18					
	325	1.09E-20	0.18					
	330	5.60E-21	0.18					
	335	3.58E-21	0.18					
	340	1.87E-21	0.18					
	345	9.05E-22	0.18					
	350	4.08E-22	0.18					
	355	1.71E-22	0.18					
	360	6.63E-23	0.18					
	365	2.40E-23	0.18					
	370	8.03E-24	0.18					
	375	2.50E-24	0.18					
	380	7.24E-25	0.18					
	385	1.95E-25	0.18					
	390	4.86E-26	0.18					
END
