!n-pentanal -> R. + CHO.
!Absorption cross sections : Zhu 99
!Quantum yield : Zhu 99
       280  5.48E-20     0.058
       285  6.23E-20     0.095
       290  6.09E-20       0.1
       295  6.56E-20      0.14
       300  5.80E-20       0.1
       305  5.43E-20      0.15
       310  4.41E-20      0.14
       315  3.74E-20       0.2
       320  2.36E-20      0.14
       325  1.81E-20     0.085
       330  1.03E-20     0.087
       335  6.53E-21     0.087
       340  3.67E-21     0.087
       345  1.94E-21     0.087
       350  9.59E-22     0.087
       355  4.45E-22     0.087
       360  1.94E-22     0.087
       365  7.91E-23     0.087
       370  3.03E-23     0.087
       375  1.09E-23     0.087
       380  3.67E-24     0.087
       385  1.16E-24     0.087
       390  3.44E-25     0.087
END
