!RRC=CRCHO structures+ hv -> CHO. + =.
!Absorption cross sections : acrolein (Gardner 87)
!Quantum Yield : 0.02*0.34    
       250  1.80E-21    0.0068
       252  2.05E-21    0.0068
       253  2.20E-21    0.0068
       254  2.32E-21    0.0068
       255  2.45E-21    0.0068
       256  2.56E-21    0.0068
       257  2.65E-21    0.0068
       258  2.74E-21    0.0068
       259  2.83E-21    0.0068
       260  2.98E-21    0.0068
       261  3.24E-21    0.0068
       262  3.47E-21    0.0068
       263  3.58E-21    0.0068
       264  3.93E-21    0.0068
       265  4.67E-21    0.0068
       266  5.10E-21    0.0068
       267  5.38E-21    0.0068
       268  5.73E-21    0.0068
       269  6.13E-21    0.0068
       270  6.64E-21    0.0068
       271  7.20E-21    0.0068
       272  7.77E-21    0.0068
       273  8.37E-21    0.0068
       274  8.94E-21    0.0068
       275  9.55E-21    0.0068
       276  1.04E-20    0.0068
       277  1.12E-20    0.0068
       278  1.19E-20    0.0068
       279  1.27E-20    0.0068
       280  1.27E-20    0.0068
       281  1.26E-20    0.0068
       282  1.26E-20    0.0068
       283  1.28E-20    0.0068
       284  1.33E-20    0.0068
       285  1.38E-20    0.0068
       286  1.44E-20    0.0068
       287  1.50E-20    0.0068
       288  1.57E-20    0.0068
       289  1.63E-20    0.0068
       290  1.71E-20    0.0068
       291  1.78E-20    0.0068
       292  1.86E-20    0.0068
       293  1.95E-20    0.0068
       294  2.05E-20    0.0068
       295  2.15E-20    0.0068
       296  2.26E-20    0.0068
       297  2.37E-20    0.0068
       298  2.48E-20    0.0068
       299  2.60E-20    0.0068
       300  2.73E-20    0.0068
       301  2.85E-20    0.0068
       302  2.99E-20    0.0068
       303  3.13E-20    0.0068
       304  3.27E-20    0.0068
       305  3.39E-20    0.0068
       306  3.51E-20    0.0068
       307  3.64E-20    0.0068
       308  3.77E-20    0.0068
       309  3.92E-20    0.0068
       310  4.07E-20    0.0068
       311  4.25E-20    0.0068
       312  4.40E-20    0.0068
       313  4.44E-20    0.0068
       314  4.50E-20    0.0068
       315  4.59E-20    0.0068
       316  4.75E-20    0.0068
       317  4.90E-20    0.0068
       318  5.05E-20    0.0068
       319  5.19E-20    0.0068
       320  5.31E-20    0.0068
       321  5.43E-20    0.0068
       322  5.52E-20    0.0068
       323  5.60E-20    0.0068
       324  5.67E-20    0.0068
       325  5.67E-20    0.0068
       326  5.62E-20    0.0068
       327  5.64E-20    0.0068
       328  5.71E-20    0.0068
       329  5.76E-20    0.0068
       330  5.80E-20    0.0068
       331  5.95E-20    0.0068
       332  6.23E-20    0.0068
       333  6.40E-20    0.0068
       334  6.38E-20    0.0068
       335  6.24E-20    0.0068
       336  6.01E-20    0.0068
       337  5.79E-20    0.0068
       338  5.63E-20    0.0068
       339  5.56E-20    0.0068
       340  5.52E-20    0.0068
       341  5.54E-20    0.0068
       342  5.53E-20    0.0068
       343  5.47E-20    0.0068
       344  5.41E-20    0.0068
       345  5.40E-20    0.0068
       346  5.48E-20    0.0068
       347  5.90E-20    0.0068
       348  6.08E-20    0.0068
       349  6.00E-20    0.0068
       350  5.53E-20    0.0068
       351  5.03E-20    0.0068
       352  4.50E-20    0.0068
       353  4.03E-20    0.0068
       354  3.75E-20    0.0068
       355  3.55E-20    0.0068
       356  3.45E-20    0.0068
       357  3.46E-20    0.0068
       358  3.49E-20    0.0068
       359  3.41E-20    0.0068
       360  3.23E-20    0.0068
       361  1.95E-20    0.0068
       362  2.81E-20    0.0068
       363  2.91E-20    0.0068
       364  3.25E-20    0.0068
       365  3.54E-20    0.0068
       366  3.30E-20    0.0068
       367  2.78E-20    0.0068
       368  2.15E-20    0.0068
       369  1.59E-20    0.0068
       370  1.19E-20    0.0068
       371  8.99E-21    0.0068
       372  7.22E-21    0.0068
       373  5.86E-21    0.0068
       374  4.69E-21    0.0068
       375  3.72E-21    0.0068
       376  3.57E-21    0.0068
       377  3.55E-21    0.0068
       378  2.83E-21    0.0068
       379  1.69E-21    0.0068
       380  1.00E-23    0.0068
       381  0.00E+00    0.0068
END
