!RRC=CRCHO structures+ hv -> CO + Crieggee
!Absorption cross sections : acrolein (Gardner 87)
!Quantum Yield : 0.02*0.33    
       250  1.80E-21    0.0066
       252  2.05E-21    0.0066
       253  2.20E-21    0.0066
       254  2.32E-21    0.0066
       255  2.45E-21    0.0066
       256  2.56E-21    0.0066
       257  2.65E-21    0.0066
       258  2.74E-21    0.0066
       259  2.83E-21    0.0066
       260  2.98E-21    0.0066
       261  3.24E-21    0.0066
       262  3.47E-21    0.0066
       263  3.58E-21    0.0066
       264  3.93E-21    0.0066
       265  4.67E-21    0.0066
       266  5.10E-21    0.0066
       267  5.38E-21    0.0066
       268  5.73E-21    0.0066
       269  6.13E-21    0.0066
       270  6.64E-21    0.0066
       271  7.20E-21    0.0066
       272  7.77E-21    0.0066
       273  8.37E-21    0.0066
       274  8.94E-21    0.0066
       275  9.55E-21    0.0066
       276  1.04E-20    0.0066
       277  1.12E-20    0.0066
       278  1.19E-20    0.0066
       279  1.27E-20    0.0066
       280  1.27E-20    0.0066
       281  1.26E-20    0.0066
       282  1.26E-20    0.0066
       283  1.28E-20    0.0066
       284  1.33E-20    0.0066
       285  1.38E-20    0.0066
       286  1.44E-20    0.0066
       287  1.50E-20    0.0066
       288  1.57E-20    0.0066
       289  1.63E-20    0.0066
       290  1.71E-20    0.0066
       291  1.78E-20    0.0066
       292  1.86E-20    0.0066
       293  1.95E-20    0.0066
       294  2.05E-20    0.0066
       295  2.15E-20    0.0066
       296  2.26E-20    0.0066
       297  2.37E-20    0.0066
       298  2.48E-20    0.0066
       299  2.60E-20    0.0066
       300  2.73E-20    0.0066
       301  2.85E-20    0.0066
       302  2.99E-20    0.0066
       303  3.13E-20    0.0066
       304  3.27E-20    0.0066
       305  3.39E-20    0.0066
       306  3.51E-20    0.0066
       307  3.64E-20    0.0066
       308  3.77E-20    0.0066
       309  3.92E-20    0.0066
       310  4.07E-20    0.0066
       311  4.25E-20    0.0066
       312  4.40E-20    0.0066
       313  4.44E-20    0.0066
       314  4.50E-20    0.0066
       315  4.59E-20    0.0066
       316  4.75E-20    0.0066
       317  4.90E-20    0.0066
       318  5.05E-20    0.0066
       319  5.19E-20    0.0066
       320  5.31E-20    0.0066
       321  5.43E-20    0.0066
       322  5.52E-20    0.0066
       323  5.60E-20    0.0066
       324  5.67E-20    0.0066
       325  5.67E-20    0.0066
       326  5.62E-20    0.0066
       327  5.64E-20    0.0066
       328  5.71E-20    0.0066
       329  5.76E-20    0.0066
       330  5.80E-20    0.0066
       331  5.95E-20    0.0066
       332  6.23E-20    0.0066
       333  6.40E-20    0.0066
       334  6.38E-20    0.0066
       335  6.24E-20    0.0066
       336  6.01E-20    0.0066
       337  5.79E-20    0.0066
       338  5.63E-20    0.0066
       339  5.56E-20    0.0066
       340  5.52E-20    0.0066
       341  5.54E-20    0.0066
       342  5.53E-20    0.0066
       343  5.47E-20    0.0066
       344  5.41E-20    0.0066
       345  5.40E-20    0.0066
       346  5.48E-20    0.0066
       347  5.90E-20    0.0066
       348  6.08E-20    0.0066
       349  6.00E-20    0.0066
       350  5.53E-20    0.0066
       351  5.03E-20    0.0066
       352  4.50E-20    0.0066
       353  4.03E-20    0.0066
       354  3.75E-20    0.0066
       355  3.55E-20    0.0066
       356  3.45E-20    0.0066
       357  3.46E-20    0.0066
       358  3.49E-20    0.0066
       359  3.41E-20    0.0066
       360  3.23E-20    0.0066
       361  1.95E-20    0.0066
       362  2.81E-20    0.0066
       363  2.91E-20    0.0066
       364  3.25E-20    0.0066
       365  3.54E-20    0.0066
       366  3.30E-20    0.0066
       367  2.78E-20    0.0066
       368  2.15E-20    0.0066
       369  1.59E-20    0.0066
       370  1.19E-20    0.0066
       371  8.99E-21    0.0066
       372  7.22E-21    0.0066
       373  5.86E-21    0.0066
       374  4.69E-21    0.0066
       375  3.72E-21    0.0066
       376  3.57E-21    0.0066
       377  3.55E-21    0.0066
       378  2.83E-21    0.0066
       379  1.69E-21    0.0066
       380  1.00E-23    0.0066
       381  0.00E+00    0.0066
END
