!RCOCHO + hv -> RC(.)O + CHO.
!Absorption cross sections : methyl glyoxal (Calvert 2000)
!Quantum Yield : methyl glyoxal (Raber 95)     
       220      1.53E-20    0.9
       221      1.49E-20    0.9
       222      1.43E-20    0.9
       223       1.4E-20    0.9
       224       1.4E-20    0.9
       225       1.4E-20    0.9
       226      1.41E-20    0.9
       227      1.44E-20    0.9
       228      1.47E-20    0.9
       229       1.5E-20    0.9
       230      1.55E-20    0.9
       231      1.59E-20    0.9
       232      1.62E-20    0.9
       233      1.63E-20    0.9
       234      1.68E-20    0.9
       235      1.73E-20    0.9
       236      1.79E-20    0.9
       237      1.84E-20    0.9
       238      1.88E-20    0.9
       239      1.92E-20    0.9
       240      1.97E-20    0.9
       241      2.03E-20    0.9
       242      2.07E-20    0.9
       243      2.11E-20    0.9
       244      2.14E-20    0.9
       245      2.17E-20    0.9
       246      2.19E-20    0.9
       247      2.21E-20    0.9
       248      2.29E-20    0.9
       249      2.38E-20    0.9
       250      2.41E-20    0.9
       251      2.41E-20    0.9
       252      2.44E-20    0.9
       253       2.5E-20    0.9
       254      2.54E-20    0.9
       255       2.6E-20    0.9
       256      2.69E-20    0.9
       257      2.79E-20    0.9
       258      2.89E-20    0.9
       259      2.98E-20    0.9
       260      3.05E-20    0.9
       261      3.11E-20    0.9
       262      3.16E-20    0.9
       263      3.21E-20    0.9
       264      3.26E-20    0.9
       265      3.34E-20    0.9
       266      3.46E-20    0.9
       267      3.58E-20    0.9
       268      3.75E-20    0.9
       269      3.87E-20    0.9
       270      3.94E-20    0.9
       271      4.01E-20    0.9
       272      4.05E-20    0.9
       273      4.09E-20    0.9
       274      4.12E-20    0.9
       275      4.18E-20    0.9
       276      4.26E-20    0.9
       277      4.37E-20    0.9
       278      4.47E-20    0.9
       279       4.6E-20    0.9
       280       4.6E-20    0.9
       281      4.71E-20    0.9
       282      4.71E-20    0.9
       283      4.66E-20    0.9
       284       4.6E-20    0.9
       285      4.55E-20    0.9
       286       4.5E-20    0.9
       287      4.48E-20    0.9
       288       4.5E-20    0.9
       289      4.58E-20    0.9
       290      4.65E-20    0.9
       291      4.66E-20    0.9
       292       4.6E-20    0.9
       293      4.51E-20    0.9
       294      4.39E-20    0.9
       295      4.22E-20    0.9
       296      4.02E-20    0.9
       297      3.87E-20    0.9
       298      3.74E-20    0.9
       299      3.64E-20    0.9
       300      3.56E-20    0.9
       301      3.51E-20    0.9
       302      3.52E-20    0.9
       303      3.52E-20    0.9
       304      3.44E-20    0.9
       305      3.27E-20    0.9
       306      3.06E-20    0.9
       307      2.85E-20    0.9
       308      2.65E-20    0.9
       309      2.45E-20    0.9
       310      2.27E-20    0.9
       311      2.11E-20    0.9
       312      1.95E-20    0.9
       313      1.85E-20    0.9
       314      1.76E-20    0.9
       315       1.7E-20    0.9
       316      1.67E-20    0.9
       317      1.67E-20    0.9
       318      1.64E-20    0.9
       319      1.56E-20    0.9
       320      1.43E-20    0.9
       321      1.28E-20     0.891 
       322      1.15E-20     0.873 
       323      1.03E-20     0.864 
       324      0.92E-20     0.846 
       325      0.82E-20     0.837 
       326      0.71E-20     0.819 
       327      0.62E-20      0.81 
       328      0.54E-20     0.792 
       329       0.5E-20     0.783 
       330      0.47E-20     0.765 
       331      0.45E-20     0.756 
       332      0.43E-20     0.738 
       333       0.4E-20     0.729 
       334      0.39E-20     0.711 
       335      0.38E-20     0.702 
       336      0.36E-20     0.693 
       337      0.32E-20     0.675 
       338      0.28E-20     0.657 
       339      0.25E-20     0.648 
       340      0.23E-20      0.63 
       341      0.21E-20     0.621 
       342      0.19E-20     0.612 
       343      0.19E-20     0.594 
       344      0.19E-20     0.585 
       345      0.19E-20     0.567 
       346      0.19E-20     0.558 
       347       0.2E-20      0.54 
       348      0.21E-20     0.531 
       349      0.23E-20     0.513 
       350      0.26E-20     0.504 
       351      0.31E-20     0.486 
       352      0.35E-20     0.477 
       353      0.38E-20     0.459 
       354      0.41E-20      0.45 
       355      0.45E-20     0.432 
       356      0.49E-20     0.423 
       357      0.53E-20     0.405 
       358      0.57E-20     0.396 
       359      0.62E-20     0.378 
       360      0.68E-20     0.369 
       361      0.75E-20     0.351 
       362      0.81E-20     0.342 
       363      0.87E-20     0.324 
       364      0.93E-20     0.315 
       365      0.99E-20     0.306 
       366      1.06E-20     0.288 
       367      1.14E-20     0.27 
       368      1.22E-20     0.261 
       369      1.31E-20     0.252 
       370      1.38E-20     0.234 
       371      1.45E-20     0.225 
       372      1.53E-20     0.207 
       373      1.64E-20     0.198 
       374      1.75E-20     0.18 
       375      1.85E-20     0.171 
       376      1.95E-20     0.153 
       377      2.03E-20     0.144 
       378      2.13E-20     0.126 
       379      2.26E-20     0.117 
       380      2.38E-20     0.099 
       381       2.5E-20     0.099 
       382      2.63E-20     0.09 
       383      2.81E-20     0.09 
       384      2.97E-20     0.09 
       385      3.15E-20     0.081 
       386      3.35E-20     0.081 
       387      3.55E-20     0.072 
       388      3.69E-20     0.072 
       389      3.84E-20     0.072 
       390      3.99E-20     0.063 
       391      4.17E-20     0.063 
       392      4.31E-20     0.063 
       393      4.45E-20     0.054 
       394      4.57E-20     0.054 
       395      4.67E-20     0.054 
       396      4.89E-20     0.045 
       397      5.07E-20     0.045 
       398      5.21E-20     0.045 
       399      5.37E-20     0.036 
       400      5.51E-20     0.036 
       401       5.7E-20     0.036 
       402      5.88E-20     0.036 
       403      6.12E-20     0.036 
       404      6.37E-20     0.027 
       405      6.66E-20     0.027 
       406      6.93E-20     0.027 
       407      7.25E-20     0.027 
       408      7.54E-20     0.027 
       409      7.82E-20     0.027 
       410      8.22E-20     0.027 
       411      8.46E-20     0.027 
       412      8.75E-20     0.027 
       413      9.01E-20     0.018 
       414      9.23E-20     0.018 
       415      9.33E-20     0.018 
       416      9.36E-20     0.018 
       417      9.48E-20     0.018 
       418      9.66E-20     0.018 
       419      9.72E-20     0.018 
       420      9.81E-20     0.018 
       421      9.92E-20     0.018 
       422     10.14E-20     0.009 
       423     10.16E-20     0.009 
       424     10.07E-20     0.009 
       425      9.99E-20     0.009 
       426      9.89E-20     0.009 
       427      9.71E-20     0.009 
       428      9.64E-20     0.009 
       429      9.69E-20     0.009 
       430      9.85E-20     0.009 
       431     10.05E-20     0.009 
       432      9.77E-20     0.009 
       433      9.94E-20     0.009 
       434     10.24E-20     0.
       435     10.34E-20     0.
       436     10.65E-20     0.
       437      10.1E-20     0.
       438      9.98E-20     0.
       439     10.35E-20     0.
       440      10.2E-20     0.
       441      9.89E-20     0.
       442      9.92E-20     0.
       443     10.07E-20     0.
       444     10.11E-20     0.
       445      9.97E-20     0.
       446      9.29E-20     0.
       447      9.03E-20     0.
       448      9.21E-20     0.
       449      9.26E-20     0.
       450      8.81E-20     0.
       451      8.02E-20     0.
       452      7.09E-20     0.
       453      5.82E-20     0.
       454      5.31E-20     0.
       455      4.26E-20     0.
       456      3.39E-20     0.
       457      2.69E-20     0.
       458      2.12E-20     0.
       459      1.58E-20     0.
       460      1.08E-20     0.
       461      0.66E-20     0.
       462      0.45E-20     0.
       463     0.335E-20     0.
       464     0.234E-20     0.
       465     0.172E-20     0.
       466     0.135E-20     0.
       467     0.107E-20     0.
       468     0.091E-20     0.
       469     0.076E-20     0.
       470     0.063E-20     0.
       471     0.056E-20     0.
       472      0.05E-20     0.
       473    0.0428E-20     0.
       474    0.0351E-20     0.
       475    0.0312E-20     0.
       476    0.0282E-20     0.
       477    0.0259E-20     0.
       478    0.0242E-20     0.
       479    0.0228E-20     0.
       480    0.0199E-20     0.
       481    0.0182E-20     0.
       482    0.0159E-20     0.
       483    0.0141E-20     0.
       484    0.0134E-20     0.
       485    0.0122E-20     0.
       486    0.0108E-20     0.
       487    0.0095E-20     0.
       488     0.009E-20     0.
       489    0.0086E-20     0.
       490    0.0086E-20     0.
END
