!RCOCHO + hv -> CO + RCHO
!Absorption cross sections : methyl glyoxal (Calvert 2000)
!Quantum Yield : methyl glyoxal (Raber 95)     
       220      1.53E-20     0.05
       221      1.49E-20     0.05
       222      1.43E-20     0.05
       223       1.4E-20     0.05
       224       1.4E-20     0.05
       225       1.4E-20     0.05
       226      1.41E-20     0.05
       227      1.44E-20     0.05
       228      1.47E-20     0.05
       229       1.5E-20     0.05
       230      1.55E-20     0.05
       231      1.59E-20     0.05
       232      1.62E-20     0.05
       233      1.63E-20     0.05
       234      1.68E-20     0.05
       235      1.73E-20     0.05
       236      1.79E-20     0.05
       237      1.84E-20     0.05
       238      1.88E-20     0.05
       239      1.92E-20     0.05
       240      1.97E-20     0.05
       241      2.03E-20     0.05
       242      2.07E-20     0.05
       243      2.11E-20     0.05
       244      2.14E-20     0.05
       245      2.17E-20     0.05
       246      2.19E-20     0.05
       247      2.21E-20     0.05
       248      2.29E-20     0.05
       249      2.38E-20     0.05
       250      2.41E-20     0.05
       251      2.41E-20     0.05
       252      2.44E-20     0.05
       253       2.5E-20     0.05
       254      2.54E-20     0.05
       255       2.6E-20     0.05
       256      2.69E-20     0.05
       257      2.79E-20     0.05
       258      2.89E-20     0.05
       259      2.98E-20     0.05
       260      3.05E-20     0.05
       261      3.11E-20     0.05
       262      3.16E-20     0.05
       263      3.21E-20     0.05
       264      3.26E-20     0.05
       265      3.34E-20     0.05
       266      3.46E-20     0.05
       267      3.58E-20     0.05
       268      3.75E-20     0.05
       269      3.87E-20     0.05
       270      3.94E-20     0.05
       271      4.01E-20     0.05
       272      4.05E-20     0.05
       273      4.09E-20     0.05
       274      4.12E-20     0.05
       275      4.18E-20     0.05
       276      4.26E-20     0.05
       277      4.37E-20     0.05
       278      4.47E-20     0.05
       279       4.6E-20     0.05
       280       4.6E-20     0.05
       281      4.71E-20     0.05
       282      4.71E-20     0.05
       283      4.66E-20     0.05
       284       4.6E-20     0.05
       285      4.55E-20     0.05
       286       4.5E-20     0.05
       287      4.48E-20     0.05
       288       4.5E-20     0.05
       289      4.58E-20     0.05
       290      4.65E-20     0.05
       291      4.66E-20     0.05
       292       4.6E-20     0.05
       293      4.51E-20     0.05
       294      4.39E-20     0.05
       295      4.22E-20     0.05
       296      4.02E-20     0.05
       297      3.87E-20     0.05
       298      3.74E-20     0.05
       299      3.64E-20     0.05
       300      3.56E-20     0.05
       301      3.51E-20     0.05
       302      3.52E-20     0.05
       303      3.52E-20     0.05
       304      3.44E-20     0.05
       305      3.27E-20     0.05
       306      3.06E-20     0.05
       307      2.85E-20     0.05
       308      2.65E-20     0.05
       309      2.45E-20     0.05
       310      2.27E-20     0.05
       311      2.11E-20     0.05
       312      1.95E-20     0.05
       313      1.85E-20     0.05
       314      1.76E-20     0.05
       315       1.7E-20     0.05
       316      1.67E-20     0.05
       317      1.67E-20     0.05
       318      1.64E-20     0.05
       319      1.56E-20     0.05
       320      1.43E-20     0.05
       321      1.28E-20     0.0495 
       322      1.15E-20     0.0485 
       323      1.03E-20     0.048 
       324      0.92E-20     0.047 
       325      0.82E-20     0.0465 
       326      0.71E-20     0.0455 
       327      0.62E-20     0.045 
       328      0.54E-20     0.044 
       329       0.5E-20     0.0435 
       330      0.47E-20     0.0425 
       331      0.45E-20     0.042 
       332      0.43E-20     0.041 
       333       0.4E-20     0.0405 
       334      0.39E-20     0.0395 
       335      0.38E-20     0.039 
       336      0.36E-20     0.0385 
       337      0.32E-20     0.0375 
       338      0.28E-20     0.0365 
       339      0.25E-20     0.036 
       340      0.23E-20     0.035 
       341      0.21E-20     0.0345 
       342      0.19E-20     0.034 
       343      0.19E-20     0.033 
       344      0.19E-20     0.0325 
       345      0.19E-20     0.0315 
       346      0.19E-20     0.031 
       347       0.2E-20     0.03 
       348      0.21E-20     0.0295 
       349      0.23E-20     0.0285 
       350      0.26E-20     0.028 
       351      0.31E-20     0.027 
       352      0.35E-20     0.0265 
       353      0.38E-20     0.0255 
       354      0.41E-20     0.025 
       355      0.45E-20     0.024 
       356      0.49E-20     0.0235 
       357      0.53E-20     0.0225 
       358      0.57E-20     0.022 
       359      0.62E-20     0.021 
       360      0.68E-20     0.0205 
       361      0.75E-20     0.0195 
       362      0.81E-20     0.019 
       363      0.87E-20     0.018 
       364      0.93E-20     0.0175 
       365      0.99E-20     0.017 
       366      1.06E-20     0.016 
       367      1.14E-20     0.015 
       368      1.22E-20     0.0145 
       369      1.31E-20     0.014 
       370      1.38E-20     0.013 
       371      1.45E-20     0.0125 
       372      1.53E-20     0.0115 
       373      1.64E-20     0.011 
       374      1.75E-20     0.01 
       375      1.85E-20     0.0095 
       376      1.95E-20     0.0085 
       377      2.03E-20     0.008 
       378      2.13E-20     0.007 
       379      2.26E-20     0.0065 
       380      2.38E-20     0.0055 
       381       2.5E-20     0.0055 
       382      2.63E-20     0.005 
       383      2.81E-20     0.005 
       384      2.97E-20     0.005 
       385      3.15E-20     0.0045 
       386      3.35E-20     0.0045 
       387      3.55E-20     0.004 
       388      3.69E-20     0.004 
       389      3.84E-20     0.004 
       390      3.99E-20     0.0035 
       391      4.17E-20     0.0035 
       392      4.31E-20     0.0035 
       393      4.45E-20     0.003 
       394      4.57E-20     0.003 
       395      4.67E-20     0.003 
       396      4.89E-20     0.0025 
       397      5.07E-20     0.0025 
       398      5.21E-20     0.0025 
       399      5.37E-20     0.002 
       400      5.51E-20     0.002 
       401       5.7E-20     0.002 
       402      5.88E-20     0.002 
       403      6.12E-20     0.002 
       404      6.37E-20     0.0015 
       405      6.66E-20     0.0015 
       406      6.93E-20     0.0015 
       407      7.25E-20     0.0015 
       408      7.54E-20     0.0015 
       409      7.82E-20     0.0015 
       410      8.22E-20     0.0015 
       411      8.46E-20     0.0015 
       412      8.75E-20     0.0015 
       413      9.01E-20     0.001 
       414      9.23E-20     0.001 
       415      9.33E-20     0.001 
       416      9.36E-20     0.001 
       417      9.48E-20     0.001 
       418      9.66E-20     0.001 
       419      9.72E-20     0.001 
       420      9.81E-20     0.001 
       421      9.92E-20     0.001 
       422     10.14E-20     0.0005 
       423     10.16E-20     0.0005 
       424     10.07E-20     0.0005 
       425      9.99E-20     0.0005 
       426      9.89E-20     0.0005 
       427      9.71E-20     0.0005 
       428      9.64E-20     0.0005 
       429      9.69E-20     0.0005 
       430      9.85E-20     0.0005 
       431     10.05E-20     0.0005 
       432      9.77E-20     0.0005 
       433      9.94E-20     0.0005 
       434     10.24E-20     0.
       435     10.34E-20     0.
       436     10.65E-20     0.
       437      10.1E-20     0.
       438      9.98E-20     0.
       439     10.35E-20     0.
       440      10.2E-20     0.
       441      9.89E-20     0.
       442      9.92E-20     0.
       443     10.07E-20     0.
       444     10.11E-20     0.
       445      9.97E-20     0.
       446      9.29E-20     0.
       447      9.03E-20     0.
       448      9.21E-20     0.
       449      9.26E-20     0.
       450      8.81E-20     0.
       451      8.02E-20     0.
       452      7.09E-20     0.
       453      5.82E-20     0.
       454      5.31E-20     0.
       455      4.26E-20     0.
       456      3.39E-20     0.
       457      2.69E-20     0.
       458      2.12E-20     0.
       459      1.58E-20     0.
       460      1.08E-20     0.
       461      0.66E-20     0.
       462      0.45E-20     0.
       463     0.335E-20     0.
       464     0.234E-20     0.
       465     0.172E-20     0.
       466     0.135E-20     0.
       467     0.107E-20     0.
       468     0.091E-20     0.
       469     0.076E-20     0.
       470     0.063E-20     0.
       471     0.056E-20     0.
       472      0.05E-20     0.
       473    0.0428E-20     0.
       474    0.0351E-20     0.
       475    0.0312E-20     0.
       476    0.0282E-20     0.
       477    0.0259E-20     0.
       478    0.0242E-20     0.
       479    0.0228E-20     0.
       480    0.0199E-20     0.
       481    0.0182E-20     0.
       482    0.0159E-20     0.
       483    0.0141E-20     0.
       484    0.0134E-20     0.
       485    0.0122E-20     0.
       486    0.0108E-20     0.
       487    0.0095E-20     0.
       488     0.009E-20     0.
       489    0.0086E-20     0.
       490    0.0086E-20     0.
END
