!Absorption cross section : Bacher,Tyndall and Orlando 2001.
!Quantum yield: Bacher,Tyndall and Orlando 2001.
205  3.91E-19         1.
206  3.37E-19         1.
207  2.87E-19         1.
208  2.46E-19         1.
209  2.12E-19         1.
210  1.81E-19         1.
211  1.53E-19         1.
212   1.3E-19         1.
213  1.12E-19         1.
214   9.4E-20         1.
215  7.84E-20         1.
216  6.49E-20         1.
217   5.3E-20         1.
218  4.26E-20         1.
219  3.37E-20         1.
220  2.65E-20         1.
221  2.13E-20         1.
222  1.65E-20         1.
223  1.36E-20         1.
224  1.12E-20         1.
225  9.33E-21         1.
226  7.83E-21         1.
227  6.91E-21         1.
228  6.37E-21         1.
229  6.37E-21         1.
230  6.49E-21         1.
231  6.44E-21         1.
232   6.8E-21         1.
233  7.23E-21         1.
234  7.85E-21         1.
235  8.33E-21         1.
236   8.8E-21         1.
237  9.39E-21         1.
238  1.03E-20         1.
239  1.11E-20         1.
240   1.2E-20         1.
241  1.28E-20         1.
242  1.38E-20         1.
243   1.5E-20         1.
244  1.59E-20         1.
245  1.71E-20         1.
246  1.83E-20         1.
247  1.95E-20         1.
248  2.09E-20         1.
249  2.22E-20         1.
250  2.36E-20         1.
251   2.5E-20         1.
252  2.65E-20         1.
253  2.82E-20         1.
254  2.97E-20         1.
255  3.09E-20         1.
256  3.21E-20         1.
257  3.39E-20         1.
258  3.59E-20         1.
259  3.75E-20         1.
260  3.89E-20         1.
261  4.02E-20         1.
262  4.13E-20         1.
263  4.24E-20         1.
264   4.4E-20         1.
265   4.6E-20         1.
266  4.75E-20         1.
267  4.85E-20         1.
268  4.92E-20         1.
269  4.99E-20         1.
270  5.05E-20         1.
271  5.14E-20         1.
272  5.23E-20         1.
273  5.36E-20         1.
274   5.4E-20         1.
275  5.41E-20         1.
276  5.39E-20         1.
277  5.42E-20         1.
278  5.37E-20         1.
279  5.34E-20         1.
280  5.34E-20         1.
281  5.37E-20         1.
282  5.37E-20         1.
283  5.25E-20         1.
284  5.12E-20         1.
285  5.01E-20         1.
286  4.93E-20         1.
287   4.8E-20         1.
288  4.67E-20         1.
289  4.58E-20         1.
290   4.5E-20         1.
291  4.41E-20         1.
292  4.19E-20         1.
293  3.96E-20         1.
294  3.76E-20         1.
295  3.59E-20         1.
296  3.46E-20         1.
297  3.29E-20         1.
298  3.17E-20         1.
299  3.02E-20         1.
300   2.9E-20         1.
301  2.74E-20         1.
302  2.51E-20         1.
303  2.26E-20         1.
304  2.07E-20         1.
305  1.91E-20         1.
306  1.77E-20         1.
307  1.64E-20         1.
308   1.5E-20         1.
309  1.36E-20         1.
310  1.25E-20         1.
311  1.15E-20         1.
312  1.03E-20         1.
313  8.84E-21         1.
314  7.71E-21         1.
315  6.89E-21         1.
316  5.97E-21         1.
317  5.16E-21         1.
318  4.55E-21         1.
319  3.96E-21         1.
320  3.29E-21         1.
321  2.85E-21         1.
322  2.49E-21         1.
323  2.13E-21         1.
324  1.85E-21         1.
325  1.47E-21         1.
326  1.28E-21         1.
327  1.05E-21         1.
328  8.75E-22         1.
329  8.43E-22         1.
330  6.84E-22         1.
331   5.8E-22         1.
332  4.39E-22         1.
333  4.07E-22         1.
334  4.39E-22         1.
335  3.88E-22         1.
END
