!Absorption  cross  section  from NO2                                                  
!NO2+ HV = NO +O               
!SAPRC-99     Photolysis data. Supplied  by  Carter
!For trans-butenedial Overall QY=0.116                                        
!          Partial     QY=0.5                                        
!FAC=1.0                                                  
205     4.31E-019     0.058                                        
210     4.72E-019     0.058                                        
215     4.95E-019     0.058                                        
220     4.56E-019     0.058                                        
225     3.79E-019     0.058                                        
230     2.74E-019     0.058                                        
235     1.67E-019     0.058                                        
240     9.31E-020     0.058                                        
245     4.74E-020     0.058                                        
250     2.48E-020     0.058                                        
255     1.95E-020     0.058                                        
260     2.24E-020     0.058                                        
265     2.73E-020     0.058                                        
270     4.11E-020     0.058                                        
275     4.9E-020      0.058                                        
280     5.92E-020     0.058                                        
285     7.39E-020     0.058                                        
290     9E-020        0.058                                        
295     1.09E-019     0.058                                        
300     1.31E-019     0.058                                        
305     1.57E-019     0.058                                        
310     1.86E-019     0.058                                        
315     2.15E-019     0.05742                                        
320     2.48E-019     0.05742                                        
325     2.81E-019     0.05742                                        
330     3.13E-019     0.05742                                        
335     3.43E-019     0.05742                                        
340     3.8E-019      0.05742                                        
345     4.07E-019     0.05742                                        
350     4.31E-019     0.05742                                        
355     4.72E-019     0.05742                                        
360     4.83E-019     0.05684                                        
365     5.17E-019     0.05684                                        
370     5.32E-019     0.05684                                        
375     5.51E-019     0.05684                                        
380     5.64E-019     0.05626                                        
385     5.76E-019     0.05626                                        
390     5.93E-019     0.05568                                        
395     5.85E-019     0.05423                                        
400     6.02E-019     0.04756                                        
405     5.78E-019     0.02059                                        
410     6E-019        0.00754                                        
411     5.93E-019     0.00638                                        
412     5.86E-019     0.005452                                        
413     5.79E-019     0.004814                                        
414     5.72E-019     0.00406                                        
415     5.65E-019     0.003422                                        
416     5.68E-019     0.002784                                        
417     5.71E-019     0.002262                                        
418     5.75E-019     0.00174                                        
419     5.78E-019     0.001334                                        
420     5.81E-019     0.001044                                        
421     5.72E-019     0.000696                                        
422     5.64E-019     0.000464                                        
423     5.55E-019     0.000232                                        
424     5.47E-019     0                                        
END
