!For ketone with gammaH and with two primary carbon in alpha of C=O  
!                -> Norrish II
!Absorption cross section : 3-pentanone (Martinez 92)
!Quantum yield : 2-butanone (Raber 95) 0.34*0.7
       206  4.10E-21     0.24
       210  2.82E-21     0.24
       214  2.88E-21     0.24
       218  2.90E-21     0.24
       222  3.06E-21     0.24
       226  3.62E-21     0.24
       230  4.63E-21     0.24
       234  6.22E-21     0.24
       238  8.58E-21     0.24
       242  1.19E-20     0.24
       246  1.64E-20     0.24
       250  2.19E-20     0.24
       254  2.84E-20     0.24
       258  3.56E-20     0.24
       262  4.29E-20     0.24
       266  4.98E-20     0.24
       270  5.55E-20     0.24
       274  5.97E-20     0.24
       278  6.18E-20     0.24
       280  6.20E-20     0.24
       281  6.19E-20     0.24
       282  6.17E-20     0.24
       283  6.14E-20     0.24
       284  6.11E-20     0.24
       285  6.05E-20     0.24
       286  5.96E-20     0.24
       287  5.84E-20     0.24
       288  5.70E-20     0.24
       289  5.56E-20     0.24
       290  5.43E-20     0.24
       291  5.31E-20     0.24
       292  5.18E-20     0.24
       293  5.04E-20     0.24
       294  4.87E-20     0.24
       295  4.67E-20     0.24
       296  4.44E-20     0.24
       297  4.21E-20     0.24
       298  3.99E-20     0.24
       299  3.80E-20     0.24
       300  3.63E-20     0.24
       301  3.46E-20     0.24
       302  3.28E-20     0.24
       303  3.08E-20     0.24
       304  2.87E-20     0.24
       305  2.63E-20     0.24
       306  2.40E-20     0.24
       307  2.18E-20     0.24
       308  1.98E-20     0.24
       309  1.81E-20     0.24
       310  1.65E-20     0.24
       311  1.51E-20     0.24
       312  1.37E-20     0.24
       313  1.24E-20     0.24
       314  1.10E-20     0.24
       315  9.67E-21     0.24
       316  8.36E-21     0.24
       317  7.16E-21     0.24
       318  6.13E-21     0.24
       319  5.22E-21     0.24
       320  4.44E-21     0.24
       321  3.74E-21     0.24
       322  3.17E-21     0.24
       323  2.64E-21     0.24
       324  2.19E-21     0.24
       325  1.81E-21     0.24
       326  1.50E-21     0.24
       327  1.25E-21     0.24
       328  1.01E-21     0.24
       329  8.30E-22     0.24
       330  6.80E-22     0.24
       331  5.40E-22     0.24
       332  4.40E-22     0.24
       333  3.40E-22     0.24
       334  2.50E-22     0.24
       335  2.00E-22     0.24
       336  1.60E-22     0.24
       337  1.30E-22     0.24
       338  1.10E-22     0.24
       339  8.00E-23     0.24
       340  2.00E-23     0.24
       341  1.00E-23     0.24
       342  0.00E+00     0.24
       343  0.00E+00     0.24
       344  0.00E+00     0.24
       345  0.00E+00     0.24
       346  0.00E+00     0.24
       347  0.00E+00     0.24
       348  1.00E-23     0.24
       349  0.00E+00     0.24
       350  0.00E+00     0.24
       351  0.00E+00     0.24
       352  0.00E+00     0.24
       353  0.00E+00     0.24
       354  0.00E+00     0.24
       355  0.00E+00     0.24
END
