!For ketone with gammaH and only one primary carbon in alpha of C=O  
!                -> Norrish II
!Absorption cross section : 2.4dimethyl3pentanone and 3-pentanone
!Quantum yield : 2-butanone (Raber 95) 0.34*0.7
       242  8.54E-21     0.24
       246  1.21E-20     0.24
       250  1.67E-20     0.24
       254  2.25E-20     0.24
       258  2.94E-20     0.24
       262  3.67E-20     0.24
       266  4.43E-20     0.24
       270  5.17E-20     0.24
       274  5.86E-20     0.24
       278  6.40E-20     0.24
       280  6.58E-20     0.24
       281  6.65E-20     0.24
       282  6.71E-20     0.24
       283  6.76E-20     0.24
       284  6.81E-20     0.24
       285  6.83E-20     0.24
       286  6.82E-20     0.24
       287  6.77E-20     0.24
       288  6.71E-20     0.24
       289  6.65E-20     0.24
       290  6.58E-20     0.24
       291  6.52E-20     0.24
       292  6.45E-20     0.24
       293  6.36E-20     0.24
       294  6.23E-20     0.24
       295  6.08E-20     0.24
       296  5.88E-20     0.24
       297  5.67E-20     0.24
       298  5.45E-20     0.24
       299  5.25E-20     0.24
       300  5.06E-20     0.24
       301  4.87E-20     0.24
       302  4.70E-20     0.24
       303  4.51E-20     0.24
       304  4.30E-20     0.24
       305  4.05E-20     0.24
       306  3.79E-20     0.24
       307  3.52E-20     0.24
       308  3.24E-20     0.24
       309  2.98E-20     0.24
       310  2.73E-20     0.24
       311  2.51E-20     0.24
       312  2.31E-20     0.24
       313  2.13E-20     0.24
       314  1.96E-20     0.24
       315  1.78E-20     0.24
       316  1.58E-20     0.24
       317  1.39E-20     0.24
       318  1.22E-20     0.24
       319  1.04E-20     0.24
       320  8.82E-21     0.24
       321  7.42E-21     0.24
       322  6.20E-21     0.24
       323  5.12E-21     0.24
       324  4.37E-21     0.24
       325  3.62E-21     0.24
       326  2.98E-21     0.24
       327  2.46E-21     0.24
       328  2.00E-21     0.24
       329  1.64E-21     0.24
       330  1.35E-21     0.24
       331  1.10E-21     0.24
       332  9.05E-22     0.24
       333  7.35E-22     0.24
       334  5.95E-22     0.24
       335  4.95E-22     0.24
       336  4.10E-22     0.24
       337  3.50E-22     0.24
       338  3.00E-22     0.24
       339  2.55E-22     0.24
       340  2.10E-22     0.24
       341  1.90E-22     0.24
       342  1.75E-22     0.24
       343  1.70E-22     0.24
       344  1.65E-22     0.24
       345  1.55E-22     0.24
       346  1.50E-22     0.24
       347  1.45E-22     0.24
       348  1.35E-22     0.24
       349  1.20E-22     0.24
       350  1.10E-22     0.24
       351  4.14E-23     0.24
       352  3.40E-23     0.24
       353  2.78E-23     0.24
       354  2.28E-23     0.24
       355  1.86E-23     0.24
       356  1.51E-23     0.24
       357  1.22E-23     0.24
       358  9.90E-24     0.24
       359  8.00E-24     0.24
       360  6.40E-24     0.24
       361  5.15E-24     0.24
       362  4.13E-24     0.24
       363  3.30E-24     0.24
       364  2.63E-24     0.24
       365  2.09E-24     0.24
       366  1.66E-24     0.24
       367  1.31E-24     0.24
       368  1.03E-24     0.24
       369  8.10E-25     0.24
       370  6.35E-25     0.24
END
