!For ketone with gammaH and without primary carbon in alpha of C=O  
!                -> Norrish II
!Absorption cross section : 2.4dimethyl3pentanone (Yujing 2000)
!Quantum yield : 2-butanone (Raber 95) 0.34*0.7
       240  3.60E-21       0.24
       241  4.07E-21       0.24
       242  5.17E-21       0.24
       243  5.81E-21       0.24
       244  6.36E-21       0.24
       245  6.94E-21       0.24
       246  7.87E-21       0.24
       247  8.84E-21       0.24
       248  9.54E-21       0.24
       249  1.03E-20       0.24
       250  1.14E-20       0.24
       251  1.28E-20       0.24
       252  1.43E-20       0.24
       253  1.55E-20       0.24
       254  1.66E-20       0.24
       255  1.79E-20       0.24
       256  1.95E-20       0.24
       257  2.14E-20       0.24
       258  2.31E-20       0.24
       259  2.48E-20       0.24
       260  2.66E-20       0.24
       261  2.84E-20       0.24
       262  3.05E-20       0.24
       263  3.28E-20       0.24
       264  3.47E-20       0.24
       265  3.66E-20       0.24
       266  3.87E-20       0.24
       267  4.09E-20       0.24
       268  4.34E-20       0.24
       269  4.58E-20       0.24
       270  4.79E-20       0.24
       271  5.00E-20       0.24
       272  5.21E-20       0.24
       273  5.42E-20       0.24
       274  5.74E-20       0.24
       275  5.93E-20       0.24
       276  6.19E-20       0.24
       277  6.40E-20       0.24
       278  6.61E-20       0.24
       279  6.79E-20       0.24
       280  6.96E-20       0.24
       281  7.11E-20       0.24
       282  7.24E-20       0.24
       283  7.37E-20       0.24
       284  7.50E-20       0.24
       285  7.60E-20       0.24
       286  7.67E-20       0.24
       287  7.70E-20       0.24
       288  7.72E-20       0.24
       289  7.73E-20       0.24
       290  7.73E-20       0.24
       291  7.73E-20       0.24
       292  7.72E-20       0.24
       293  7.67E-20       0.24
       294  7.59E-20       0.24
       295  7.48E-20       0.24
       296  7.32E-20       0.24
       297  7.12E-20       0.24
       298  6.90E-20       0.24
       299  6.69E-20       0.24
       300  6.48E-20       0.24
       301  6.28E-20       0.24
       302  6.11E-20       0.24
       303  5.93E-20       0.24
       304  5.72E-20       0.24
       305  5.47E-20       0.24
       306  5.18E-20       0.24
       307  4.86E-20       0.24
       308  4.50E-20       0.24
       309  4.14E-20       0.24
       310  3.80E-20       0.24
       311  3.50E-20       0.24
       312  3.24E-20       0.24
       313  3.02E-20       0.24
       314  2.81E-20       0.24
       315  2.59E-20       0.24
       316  2.33E-20       0.24
       317  2.07E-20       0.24
       318  1.82E-20       0.24
       319  1.56E-20       0.24
       320  1.32E-20       0.24
       321  1.11E-20       0.24
       322  9.22E-21       0.24
       323  7.60E-21       0.24
       324  6.55E-21       0.24
       325  5.43E-21       0.24
       326  4.46E-21       0.24
       327  3.66E-21       0.24
       328  2.99E-21       0.24
       329  2.45E-21       0.24
       330  2.01E-21       0.24
       331  1.66E-21       0.24
       332  1.37E-21       0.24
       333  1.13E-21       0.24
       334  9.40E-22       0.24
       335  7.90E-22       0.24
       336  6.60E-22       0.24
       337  5.70E-22       0.24
       338  4.90E-22       0.24
       339  4.30E-22       0.24
       340  4.00E-22       0.24
       341  3.70E-22       0.24
       342  3.50E-22       0.24
       343  3.40E-22       0.24
       344  3.30E-22       0.24
       345  3.10E-22       0.24
       346  3.00E-22       0.24
       347  2.90E-22       0.24
       348  2.60E-22       0.24
       349  2.40E-22       0.24
       350  2.20E-22       0.24
       351  8.27E-23       0.24
       352  6.79E-23       0.24
       353  5.56E-23       0.24
       354  4.55E-23       0.24
       355  3.71E-23       0.24
       356  3.01E-23       0.24
       357  2.44E-23       0.24
       358  1.98E-23       0.24
       359  1.60E-23       0.24
       360  1.28E-23       0.24
       361  1.03E-23       0.24
       362  8.26E-24       0.24
       363  6.60E-24       0.24
       364  5.26E-24       0.24
       365  4.18E-24       0.24
       366  3.31E-24       0.24
       367  2.62E-24       0.24
       368  2.06E-24       0.24
       369  1.62E-24       0.24
       370  1.27E-24       0.24
END
