!For RC(O)CH2OH structures
!Absorption cross section : hydroxyacetone (Orlando99)
!Q.Y.: 1         
       236  2.13E-20            1
       237  2.29E-20            1
       238  2.43E-20            1
       239  2.59E-20            1
       240  2.78E-20            1
       241  2.94E-20            1
       242  3.14E-20            1
       243  3.34E-20            1
       244  3.55E-20            1
       245  3.74E-20            1
       246  3.95E-20            1
       247  4.14E-20            1
       248  4.34E-20            1
       249  4.56E-20            1
       250  4.76E-20            1
       251  4.98E-20            1
       252  5.18E-20            1
       253  5.36E-20            1
       254  5.54E-20            1
       255  5.72E-20            1
       256  5.89E-20             1
       257  6.06E-20             1
       258  6.19E-20             1
       259   6.3E-20             1
       260  6.41E-20            1
       261   6.5E-20            1
       262  6.61E-20            1
       263  6.68E-20            1
       264  6.72E-20            1
       265  6.74E-20            1
       266  6.74E-20            1
       267  6.74E-20            1
       268  6.71E-20            1
       269  6.67E-20            1
       270  6.61E-20            1
       271  6.53E-20            1
       272  6.42E-20            1
       273   6.3E-20            1
       274  6.18E-20            1
       275  6.05E-20            1
       276   5.9E-20            1
       277  5.73E-20            1
       278  5.54E-20            1
       279  5.33E-20            1
       280  5.12E-20            1
       281  4.91E-20            1
       282  4.69E-20            1
       283  4.48E-20            1
       284  4.27E-20            1
       285  4.05E-20            1
       286  3.82E-20            1
       287  3.58E-20            1
       288  3.34E-20            1
       289  3.11E-20            1
       290  2.87E-20            1
       291  2.66E-20            1
       292  2.45E-20            1
       293  2.26E-20            1
       294  2.06E-20            1
       295  1.87E-20            1
       296  1.69E-20            1
       297  1.52E-20            1
       298  1.36E-20            1
       299  1.22E-20            1
       300  0.68E-20            1
       301  9.61E-21        1
       302  8.43E-21        1
       303  7.43E-21        1
       304  6.52E-21        1
       305  5.69E-21        1
       306  4.93E-21        1
       307  4.31E-21        1
       308  3.79E-21        1
       309  3.31E-21        1
       310  2.87E-21        1
       311  2.49E-21        1
       312  2.19E-21        1
       313  1.92E-21        1
       314  1.77E-21        1
       315  1.57E-21        1
       316  1.42E-21        1
       317  1.33E-21        1
       318  1.17E-21        1
       319  0.64E-21        1
       320  9.54E-22        1
       321  8.67E-22        1
       322  7.76E-22        1
       323  7.17E-22        1
       324  6.72E-22        1
       325  6.29E-22        1
       326  6.51E-22        1
       327  5.66E-22        1
       328  5.07E-22        1
       329  5.09E-22        1
       330  4.63E-22        1
       331  4.06E-22        1
       332  3.72E-22        1
       333  3.58E-22        1
       334  3.74E-22        1
       335  3.45E-22        1
       336  3.13E-22        1
       337  3.81E-22        1
       338  3.44E-22        1
       339  3.07E-22        1
       340  2.70E-22        1
       341  2.33E-22        1
       342  1.96E-22        1
       343  1.59E-22        1
       344  1.22E-22        1
       345  8.50E-23        1
       346  4.80E-23        1
       347  1.10E-23        1
       348  0.00E+00        1
END
