!CH3ONO
!! CH3ONO + HV 
!! Cross sections (σ, cm2 molecule-1) for CH3ONO as measured by Taylor et al. (1980), T
!! Data from Calvert book : The Mechanisms of Atmospheric Oxidation of The Oxygenates, quantum yield rough estimate 
280   2.00E-19   0.33
281   1.86E-19   0.33
282   1.73E-19   0.33
283   1.57E-19   0.33
284   1.46E-19   0.33
285   1.35E-19   0.33
286   1.26E-19   0.33
287   1.19E-19   0.33
288   1.12E-19   0.33
289   1.06E-19   0.33
290   1.00E-19   0.33
291   9.50E-20   0.33
292   9.20E-20   0.33
293   8.70E-20   0.33
294   8.40E-20   0.33
295   8.00E-20   0.33
296   7.70E-20   0.33
297   7.40E-20   0.33
298   7.20E-20   0.33
299   7.10E-20   0.33
300   6.90E-20   0.33
301   7.10E-20   0.33
302   7.10E-20   0.33
303   6.70E-20   0.33
304   6.30E-20   0.33
305   6.20E-20   0.33
306   6.20E-20   0.33
307   6.70E-20   0.33
308   7.40E-20   0.33
309   8.30E-20   0.33
310   9.00E-20   0.33
311   9.10E-20   0.33
312   8.00E-20   0.33
313   7.10E-20   0.33
314   7.00E-20   0.33
315   8.20E-20   0.33
316   1.05E-19   0.33
317   1.27E-19   0.33
318   1.40E-19   0.33
319   1.25E-19   0.33
320   1.00E-19   0.33
321   8.40E-20   0.33
322   8.00E-20   0.33
323   8.60E-20   0.33
324   1.00E-19   0.33
325   1.14E-19   0.33
326   1.30E-19   0.33
327   1.50E-19   0.33
328   1.80E-19   0.33
329   2.18E-19   0.33
330   2.30E-19   0.33
331   1.90E-19   0.33
332   1.30E-19   0.33
333   1.03E-19   0.33
334   1.02E-19   0.33
335   1.20E-19   0.33
336   1.70E-19   0.33
337   2.42E-19   0.33
338   2.95E-19   0.33
339   3.24E-19   0.33
340   3.05E-19   0.33
341   2.52E-19   0.33
342   1.90E-19   0.33
343   1.53E-19   0.33
344   1.34E-19   0.33
345   1.30E-19   0.33
346   1.35E-19   0.33
347   1.52E-19   0.33
348   1.80E-19   0.33
349   2.40E-19   0.33
350   2.90E-19   0.33
351   3.18E-19   0.33
352   3.15E-19   0.33
353   2.80E-19   0.33
354   2.40E-19   0.33
355   2.10E-19   0.33
356   1.90E-19   0.33
357   1.71E-19   0.33
358   1.50E-19   0.33
359   1.43E-19   0.33
360   1.40E-19   0.33
361   1.43E-19   0.33
362   1.50E-19   0.33
363   1.60E-19   0.33
364   1.72E-19   0.33
365   1.79E-19   0.33
366   1.74E-19   0.33
367   1.45E-19   0.33
368   1.24E-19   0.33
369   1.19E-19   0.33
370   1.24E-19   0.33
371   1.25E-19   0.33
372   1.20E-19   0.33
373   1.12E-19   0.33
374   1.00E-19   0.33
375   8.90E-20   0.33
376   8.00E-20   0.33
377   7.10E-20   0.33
378   6.00E-20   0.33
379   5.40E-20   0.33
380   5.10E-20   0.33
381   5.10E-20   0.33
382   5.10E-20   0.33
383   5.30E-20   0.33
384   5.40E-20   0.33
385   5.50E-20   0.33
386   5.60E-20   0.33
387   5.40E-20   0.33
388   5.20E-20   0.33
389   4.80E-20   0.33
390   4.30E-20   0.33
391   3.60E-20   0.33
392   3.00E-20   0.33
393   2.50E-20   0.33
394   1.80E-20   0.33
395   1.40E-20   0.33
396   1.10E-20   0.33
397   8.00E-21   0.33
398   7.00E-21   0.33
399   6.00E-21   0.33
400   5.00E-21   0.33
401   4.00E-21   0.33
402   3.00E-21   0.33
403   2.00E-21   0.33
404   2.00E-21   0.33
405   2.00E-21   0.33
406   1.00E-21   0.33
407   1.00E-21   0.33
408   0.00E+00   0.33
409   0.00E+00   0.33
410   0.00E+00   0.33
END
