!CH3COCH(ONO2)CH3 3-nitrooxy-2-butanone
!Absorption cross section : Barnes et al., 1993
!Quantum yield : 0.75 Muller et al., 2014
245 29.34E-20   0.75
250 21.14E-20   0.75
255 16.44E-20   0.75
260 14.24E-20   0.75
265 13.32E-20   0.75
270 12.98E-20   0.75
275 12.73E-20   0.75
280 12.29E-20   0.75
285 11.55E-20   0.75
290 10.36E-20   0.75
295  9.11E-20   0.75
300  7.36E-20   0.75
305  5.85E-20   0.75
310  4.18E-20   0.75
315  2.82E-20   0.75
320  1.85E-20   0.75
325  1.07E-20   0.75
330  0.68E-20   0.75
335  0.49E-20   0.75
340  0.44E-20   0.75
END
