!CH3COCH2(ONO2)
!Absorption cross section : Barnes et al., 1993
!Quantum yield : 0.9 Muller et al., 2014
245 22.90E-20   0.9
250 16.58E-20   0.9
255 12.90E-20   0.9
260 11.06E-20   0.9
265  9.95E-20   0.9
270  9.32E-20   0.9
275  8.82E-20   0.9
280  8.13E-20   0.9
285  7.30E-20   0.9
290  6.46E-20   0.9
295  5.56E-20   0.9
300  4.86E-20   0.9
305  3.82E-20   0.9
310  2.87E-20   0.9
315  1.92E-20   0.9
320  1.41E-20   0.9
325  0.85E-20   0.9
330  0.49E-20   0.9
335  0.22E-20   0.9
340  0.16E-20   0.9
END
