!C2H5ONO
!! CH2H5ONO + HV 
!! Cross sections (σ, cm2 molecule-1) for C2H5ONO as measured by Heicklen. (1987), T
!! Data from Calvert book : The Mechanisms of Atmospheric Oxidation of The Oxygenates, quantum yield estimate 
280   2.46E-19   0.31
281   2.36E-19   0.31
282   2.17E-19   0.31
283   1.99E-19   0.31
284   1.84E-19   0.31
285   1.73E-19   0.31
286   1.63E-19   0.31
287   1.50E-19   0.31
288   1.42E-19   0.31
289   1.30E-19   0.31
290   1.25E-19   0.31
291   1.19E-19   0.31
292   1.12E-19   0.31
293   1.03E-19   0.31
294   9.30E-20   0.31
295   8.70E-20   0.31
296   8.10E-20   0.31
297   7.40E-20   0.31
298   7.00E-20   0.31
299   6.80E-20   0.31
300   6.50E-20   0.31
301   6.20E-20   0.31
302   6.00E-20   0.31
303   5.80E-20   0.31
304   5.70E-20   0.31
305   5.60E-20   0.31
306   5.50E-20   0.31
307   5.30E-20   0.31
308   5.10E-20   0.31
309   5.00E-20   0.31
310   5.00E-20   0.31
311   5.10E-20   0.31
312   5.50E-20   0.31
313   5.50E-20   0.31
314   5.30E-20   0.31
315   5.10E-20   0.31
316   4.90E-20   0.31
317   5.00E-20   0.31
318   5.50E-20   0.31
319   6.30E-20   0.31
320   7.30E-20   0.31
321   8.20E-20   0.31
322   8.40E-20   0.31
323   7.40E-20   0.31
324   6.70E-20   0.31
325   6.00E-20   0.31
326   5.70E-20   0.31
327   5.60E-20   0.31
328   6.60E-20   0.31
329   8.10E-20   0.31
330   9.70E-20   0.31
331   1.25E-19   0.31
332   1.37E-19   0.31
333   1.19E-19   0.31
334   9.70E-20   0.31
335   8.70E-20   0.31
336   8.10E-20   0.31
337   8.70E-20   0.31
338   9.50E-20   0.31
339   1.06E-19   0.31
340   1.25E-19   0.31
341   1.50E-19   0.31
342   1.70E-19   0.31
343   1.89E-19   0.31
344   1.70E-19   0.31
345   1.38E-19   0.31
346   1.25E-19   0.31
347   1.12E-19   0.31
348   1.07E-19   0.31
349   1.06E-19   0.31
350   1.07E-19   0.31
351   1.14E-19   0.31
352   1.41E-19   0.31
353   1.70E-19   0.31
354   1.85E-19   0.31
355   2.03E-19   0.31
356   2.03E-19   0.31
357   1.89E-19   0.31
358   1.70E-19   0.31
359   1.50E-19   0.31
360   1.33E-19   0.31
361   1.26E-19   0.31
362   1.15E-19   0.31
363   1.08E-19   0.31
364   1.06E-19   0.31
365   1.09E-19   0.31
366   1.20E-19   0.31
367   1.35E-19   0.31
368   1.49E-19   0.31
369   1.54E-19   0.31
370   1.54E-19   0.31
371   1.49E-19   0.31
372   1.44E-19   0.31
373   1.31E-19   0.31
374   1.21E-19   0.31
375   1.12E-19   0.31
376   1.06E-19   0.31
377   9.30E-20   0.31
378   8.50E-20   0.31
379   6.80E-20   0.31
380   6.20E-20   0.31
381   6.00E-20   0.31
382   6.00E-20   0.31
383   6.00E-20   0.31
384   6.00E-20   0.31
385   6.00E-20   0.31
386   6.00E-20   0.31
387   6.00E-20   0.31
388   5.80E-20   0.31
389   5.80E-20   0.31
390   5.70E-20   0.31
391   5.50E-20   0.31
392   5.30E-20   0.31
393   4.80E-20   0.31
394   4.40E-20   0.31
395   3.90E-20   0.31
396   3.20E-20   0.31
397   2.50E-20   0.31
398   1.70E-20   0.31
399   1.20E-20   0.31
400   1.00E-20   0.31
401   1.00E-20   0.31
402   9.00E-21   0.31
403   7.00E-21   0.31
404   6.00E-21   0.31
405   6.00E-21   0.31
406   5.00E-21   0.31
407   4.00E-21   0.31
408   4.00E-21   0.31
409   3.00E-21   0.31
410   3.00E-21   0.31
411   3.00E-21   0.31
412   3.00E-21   0.31
413   2.00E-21   0.31
414   2.00E-21   0.31
415   2.00E-21   0.31
416   2.00E-21   0.31
417   2.00E-21   0.31
418   2.00E-21   0.31
419   1.00E-21   0.31
420   1.00E-21   0.31
421   1.00E-21   0.31
422   1.00E-21   0.31
423   1.00E-21   0.31
424   1.00E-21   0.31
425   1.00E-21   0.31
426   1.00E-21   0.31
427   0.00E+00   0.31
428   0.00E+00   0.31
END
