!n-C3H7ONO
!! n-C3H7ONO + HV 
!! Cross sections (σ, cm2 molecule-1) for n-C3H7ONO as measured by Heicklen. (1987), T
!! Data from Calvert book : The Mechanisms of Atmospheric Oxidation of The Oxygenates, quantum yield estimate 
280   3.07E-19   0.38
281   2.84E-19   0.38
282   2.56E-19   0.38
283   2.42E-19   0.38
284   2.25E-19   0.38
285   2.14E-19   0.38
286   2.03E-19   0.38
287   1.91E-19   0.38
288   1.76E-19   0.38
289   1.66E-19   0.38
290   1.58E-19   0.38
291   1.48E-19   0.38
292   1.36E-19   0.38
293   1.24E-19   0.38
294   1.16E-19   0.38
295   1.11E-19   0.38
296   1.05E-19   0.38
297   1.01E-19   0.38
298   9.30E-20   0.38
299   8.90E-20   0.38
300   8.60E-20   0.38
301   8.30E-20   0.38
302   7.90E-20   0.38
303   7.50E-20   0.38
304   7.30E-20   0.38
305   7.20E-20   0.38
306   7.10E-20   0.38
307   6.90E-20   0.38
308   6.60E-20   0.38
309   6.40E-20   0.38
310   6.40E-20   0.38
311   6.20E-20   0.38
312   6.40E-20   0.38
313   6.50E-20   0.38
314   6.60E-20   0.38
315   6.50E-20   0.38
316   6.20E-20   0.38
317   5.90E-20   0.38
318   6.20E-20   0.38
319   6.40E-20   0.38
320   6.80E-20   0.38
321   7.30E-20   0.38
322   8.30E-20   0.38
323   9.10E-20   0.38
324   8.40E-20   0.38
325   7.60E-20   0.38
326   7.20E-20   0.38
327   7.10E-20   0.38
328   7.30E-20   0.38
329   8.60E-20   0.38
330   9.50E-20   0.38
331   1.11E-19   0.38
332   1.27E-19   0.38
333   1.41E-19   0.38
334   1.31E-19   0.38
335   1.18E-19   0.38
336   1.05E-19   0.38
337   9.80E-20   0.38
338   9.70E-20   0.38
339   1.04E-19   0.38
340   1.13E-19   0.38
341   1.24E-19   0.38
342   1.51E-19   0.38
343   1.83E-19   0.38
344   1.96E-19   0.38
345   1.94E-19   0.38
346   1.73E-19   0.38
347   1.49E-19   0.38
348   1.27E-19   0.38
349   1.23E-19   0.38
350   1.21E-19   0.38
351   1.22E-19   0.38
352   1.29E-19   0.38
353   1.47E-19   0.38
354   1.80E-19   0.38
355   2.01E-19   0.38
356   2.14E-19   0.38
357   2.14E-19   0.38
358   1.98E-19   0.38
359   1.77E-19   0.38
360   1.65E-19   0.38
361   1.52E-19   0.38
362   1.40E-19   0.38
363   1.31E-19   0.38
364   1.27E-19   0.38
365   1.29E-19   0.38
366   1.30E-19   0.38
367   1.38E-19   0.38
368   1.56E-19   0.38
369   1.70E-19   0.38
370   1.76E-19   0.38
371   1.78E-19   0.38
372   1.73E-19   0.38
373   1.60E-19   0.38
374   1.48E-19   0.38
375   1.38E-19   0.38
376   1.29E-19   0.38
377   1.19E-19   0.38
378   1.05E-19   0.38
379   9.50E-20   0.38
380   9.10E-20   0.38
381   8.90E-20   0.38
382   8.70E-20   0.38
383   8.60E-20   0.38
384   8.60E-20   0.38
385   8.80E-20   0.38
386   8.70E-20   0.38
387   8.60E-20   0.38
388   8.30E-20   0.38
389   8.00E-20   0.38
390   7.70E-20   0.38
391   7.40E-20   0.38
392   7.10E-20   0.38
393   6.60E-20   0.38
394   6.20E-20   0.38
395   5.80E-20   0.38
396   5.40E-20   0.38
397   4.70E-20   0.38
398   4.10E-20   0.38
399   3.50E-20   0.38
400   2.90E-20   0.38
401   2.40E-20   0.38
402   1.40E-20   0.38
403   1.00E-20   0.38
404   1.00E-20   0.38
405   1.00E-20   0.38
406   9.00E-21   0.38
407   9.00E-21   0.38
408   8.00E-21   0.38
409   7.00E-21   0.38
410   7.00E-21   0.38
411   7.00E-21   0.38
412   6.00E-21   0.38
413   5.00E-21   0.38
414   5.00E-21   0.38
415   4.00E-21   0.38
416   4.00E-21   0.38
417   3.00E-21   0.38
418   2.00E-21   0.38
419   2.00E-21   0.38
420   1.00E-21   0.38
421   1.00E-21   0.38
END
