!n-C4H9ONO
!! n-C3H7ONO + HV 
!! Cross sections (σ, cm2 molecule-1) for n-C4H9ONO as measured by Heicklen. (1987), T
!! Data from Calvert book : The Mechanisms of Atmospheric Oxidation of The Oxygenates, quantum yield estimate 
280   3.20E-19   0.19
281   3.05E-19   0.19
282   2.89E-19   0.19
283   2.74E-19   0.19
284   2.59E-19   0.19
285   2.43E-19   0.19
286   2.30E-19   0.19
287   2.15E-19   0.19
288   1.98E-19   0.19
289   1.86E-19   0.19
290   1.74E-19   0.19
291   1.61E-19   0.19
292   1.52E-19   0.19
293   1.43E-19   0.19
294   1.33E-19   0.19
295   1.27E-19   0.19
296   1.20E-19   0.19
297   1.14E-19   0.19
298   1.09E-19   0.19
299   1.02E-19   0.19
300   9.60E-20   0.19
301   9.20E-20   0.19
302   8.80E-20   0.19
303   8.30E-20   0.19
304   8.10E-20   0.19
305   7.80E-20   0.19
306   7.60E-20   0.19
307   7.30E-20   0.19
308   7.00E-20   0.19
309   6.90E-20   0.19
310   6.70E-20   0.19
311   6.60E-20   0.19
312   6.90E-20   0.19
313   7.30E-20   0.19
314   7.20E-20   0.19
315   6.90E-20   0.19
316   6.50E-20   0.19
317   6.30E-20   0.19
318   6.40E-20   0.19
319   6.80E-20   0.19
320   7.20E-20   0.19
321   7.90E-20   0.19
322   9.00E-20   0.19
323   9.70E-20   0.19
324   9.20E-20   0.19
325   8.60E-20   0.19
326   7.70E-20   0.19
327   7.40E-20   0.19
328   7.90E-20   0.19
329   9.00E-20   0.19
330   1.02E-19   0.19
331   1.15E-19   0.19
332   1.36E-19   0.19
333   1.45E-19   0.19
334   1.48E-19   0.19
335   1.41E-19   0.19
336   1.25E-19   0.19
337   1.11E-19   0.19
338   1.01E-19   0.19
339   9.70E-20   0.19
340   1.00E-19   0.19
341   1.06E-19   0.19
342   1.20E-19   0.19
343   1.32E-19   0.19
344   1.60E-19   0.19
345   1.75E-19   0.19
346   1.87E-19   0.19
347   2.05E-19   0.19
348   2.05E-19   0.19
349   1.79E-19   0.19
350   1.54E-19   0.19
351   1.46E-19   0.19
352   1.34E-19   0.19
353   1.31E-19   0.19
354   1.28E-19   0.19
355   1.31E-19   0.19
356   1.45E-19   0.19
357   1.47E-19   0.19
358   1.56E-19   0.19
359   1.77E-19   0.19
360   1.97E-19   0.19
361   2.24E-19   0.19
362   2.28E-19   0.19
363   2.18E-19   0.19
364   2.09E-19   0.19
365   1.91E-19   0.19
366   1.70E-19   0.19
367   1.56E-19   0.19
368   1.43E-19   0.19
369   1.40E-19   0.19
370   1.37E-19   0.19
371   1.36E-19   0.19
372   1.34E-19   0.19
373   1.37E-19   0.19
374   1.47E-19   0.19
375   1.56E-19   0.19
376   1.64E-19   0.19
377   1.77E-19   0.19
378   1.09E-19   0.19
379   1.01E-19   0.19
380   9.30E-20   0.19
381   8.70E-20   0.19
382   8.40E-20   0.19
383   8.60E-20   0.19
384   8.70E-20   0.19
385   8.80E-20   0.19
386   8.80E-20   0.19
387   8.70E-20   0.19
388   8.30E-20   0.19
389   8.10E-20   0.19
390   7.80E-20   0.19
391   7.40E-20   0.19
392   6.90E-20   0.19
393   6.50E-20   0.19
394   6.00E-20   0.19
395   5.60E-20   0.19
396   5.10E-20   0.19
397   4.80E-20   0.19
398   4.00E-20   0.19
399   3.30E-20   0.19
400   2.80E-20   0.19
401   2.00E-20   0.19
402   1.30E-20   0.19
403   8.00E-21   0.19
404   8.00E-21   0.19
405   8.00E-21   0.19
406   7.00E-21   0.19
407   7.00E-21   0.19
408   6.00E-21   0.19
409   6.00E-21   0.19
410   5.00E-21   0.19
411   5.00E-21   0.19
412   4.00E-21   0.19
413   3.00E-21   0.19
414   3.00E-21   0.19
415   3.00E-21   0.19
416   2.00E-21   0.19
417   2.00E-21   0.19
418   2.00E-21   0.19
419   2.00E-21   0.19
420   1.00E-21   0.19
421   1.00E-21   0.19
422   1.00E-21   0.19
END
