An ozone climatolotgy based on ozonesonde and satellite measurements, J. P. F. Fortuin and H. Kelder, J. Geophys. Res., 103, 31709-31734, 1998.
Dobson Units in 17 latitude bands from -85 to -75, to +75 to +85. 
Downloaded by S. Madronich on 23 March 2010 from http://www.temis.nl/data/fortuin.html
Month: 1
 302.5273 317.3968 324.7776 292.0709 294.2346 275.7211 264.8971 260.9343 251.8324 257.9818 249.7419 277.7518 333.1066 375.5181 384.8038 376.3962 371.7623
Month: 2
 292.0630 306.2637 314.9470 288.6147 286.6721 270.2384 262.2434 259.9409 249.6902 262.2490 266.9313 287.7104 350.4019 396.7245 411.1122 412.0862 419.4279
Month: 3
 287.8808 297.7440 306.0225 292.8927 279.4003 271.1238 259.3933 258.3073 255.0425 266.7386 264.6725 301.4150 356.5307 404.3524 428.0133 440.7398 438.6960
Month: 4
 281.3604 299.6927 306.6209 295.4074 283.6824 268.5554 260.2656 258.3575 259.9953 276.7605 276.9478 308.3040 357.0727 391.0626 416.5859 438.9142 440.7255
Month: 5
 279.1314 279.8577 308.8395 303.2159 291.8602 271.9445 259.2117 256.1596 240.8663 282.2390 284.8877 310.1831 349.3219 378.5299 392.1001 401.9648 401.2517
Month: 6
 282.9264 294.5310 319.3817 314.4989 305.7309 281.0324 260.7760 255.1829 260.6706 284.4789 283.5387 298.5237 331.7401 359.9370 361.1942 358.1513 364.2074
Month: 7
 283.7128 291.9643 323.8284 324.7423 321.3892 289.8753 266.5612 257.9448 263.9994 283.6450 282.5837 289.8174 313.5391 336.5716 337.3801 327.1298 324.9920
Month: 8
 273.2941 292.8281 324.6066 344.6501 338.9575 299.8928 271.9924 261.9879 268.8779 282.4949 280.2592 284.0731 302.7346 318.5485 319.4540 307.1118 296.9774
Month: 9
 224.8666 260.4350 332.9788 359.6682 347.2296 308.9944 290.6520 269.5252 271.8795 279.7917 274.5293 280.1689 293.8329 308.2169 309.1773 296.9849 286.3714
Month:10
 217.0750 278.5714 350.1825 364.4752 373.5149 310.7769 283.1610 270.1353 267.6951 275.7545 269.0083 273.1109 286.6987 305.4255 311.0522 306.4338 296.7782
Month:11
 292.2131 327.9008 353.4431 344.4396 349.3833 295.9290 276.4669 265.1642 258.0538 264.6281 256.3104 265.0416 293.4791 318.8120 323.8642 346.6564 287.9437
Month:12
 328.1856 335.8929 336.6241 323.1385 304.3805 283.0582 269.0346 262.7316 251.5494 257.2430 250.7936 269.3336 311.7037 341.8687 349.7401 343.1165 327.5618
