FJX_scat-ssa.dat v7.5A    S=27 RRTMG & 17:18 edge = 485nm (05/2019)
Strat Sulf Aer: 220-250-280K x 50-70-90%
  18  27  SSA-Bkgd or SSA-Volc: Reff, Geff, Dens, T(K), wt(%)
bin  wavel  nr     ni      Q       pi0      P1    P2    P3    P4    P5    P6    P7
Bkgd220K50  0.1308  0.0245  1.4572   220.0    50.0
 5  0.2020  1.4740 0.0E+00 2.88260 1.00000 2.156 2.712 2.533 2.271 1.857 1.492 1.182
 6  0.2080  1.4740 0.0E+00 2.84607 1.00000 2.155 2.698 2.510 2.233 1.813 1.446 1.134
 7  0.2110  1.4740 0.0E+00 2.82694 1.00000 2.155 2.691 2.499 2.215 1.792 1.424 1.113
 8  0.2140  1.4740 0.0E+00 2.80778 1.00000 2.154 2.684 2.488 2.197 1.772 1.403 1.093
 9  0.2620  1.4410 0.0E+00 2.28269 1.00000 2.181 2.639 2.393 2.010 1.547 1.161 0.857
10  0.2670  1.4380 0.0E+00 2.22223 1.00000 2.181 2.629 2.374 1.983 1.518 1.132 0.830
11  0.2770  1.4340 0.0E+00 2.11566 1.00000 2.177 2.604 2.332 1.926 1.456 1.071 0.774
12  0.2950  1.4260 0.0E+00 1.92979 1.00000 2.169 2.562 2.262 1.832 1.356 0.976 0.689
13  0.3030  1.4230 0.0E+00 1.84736 1.00000 2.165 2.541 2.227 1.787 1.310 0.935 0.653
14  0.3100  1.4230 0.0E+00 1.79572 1.00000 2.157 2.518 2.191 1.746 1.270 0.899 0.623
15  0.3160  1.4250 0.0E+00 1.75984 1.00000 2.147 2.491 2.152 1.702 1.228 0.863 0.595
16  0.3330  1.4230 0.0E+00 1.63282 1.00000 2.131 2.442 2.078 1.617 1.147 0.795 0.541
17  0.4290  1.4120 0.0E+00 1.07385 1.00000 2.028 2.171 1.700 1.218 0.800 0.524 0.338
18  0.6310  1.4030 2.3E-08 0.49566 1.00000 1.747 1.663 1.081 0.654 0.364 0.203 0.107
19  0.9730  1.3960 1.9E-06 0.16969 0.99997 1.297 1.125 0.538 0.241 0.097 0.040 0.016
20  1.2700  1.3900 1.0E-05 0.07890 0.99971 0.998 0.874 0.323 0.113 0.036 0.013 0.004
21  1.4480  1.3930 1.2E-04 0.05430 0.99576 0.861 0.779 0.249 0.075 0.021 0.007 0.002
22  1.7670  1.3850 3.6E-04 0.02737 0.97950 0.663 0.670 0.169 0.040 0.009 0.003 0.001
23  2.0390  1.3720 1.0E-03 0.01729 0.91684 0.534 0.614 0.127 0.025 0.005 0.001 0.000
24  2.3090  1.3490 1.8E-03 0.01028 0.80934 0.435 0.577 0.101 0.016 0.003 0.001 0.000
25  2.7480  1.2720 7.8E-02 0.05993 0.03968 0.309 0.542 0.071 0.009 0.001 0.000 0.000
26  3.4040  1.3830 1.5E-01 0.08518 0.02592 0.226 0.521 0.047 0.004 0.000 0.000 0.000
27  5.3620  1.3710 1.8E-01 0.06310 0.00620 0.098 0.504 0.020 0.001 0.000 0.000 0.000
Bkgd250K50  0.1308  0.0245  1.4308   250.0    50.0
 5  0.2020  1.4670 0.0E+00 2.86061 1.00000 2.169 2.735 2.568 2.303 1.888 1.517 1.202
 6  0.2080  1.4670 0.0E+00 2.82288 1.00000 2.168 2.720 2.543 2.265 1.844 1.471 1.155
 7  0.2110  1.4670 0.0E+00 2.80315 1.00000 2.168 2.713 2.531 2.246 1.823 1.448 1.134
 8  0.2140  1.4670 0.0E+00 2.78396 1.00000 2.167 2.706 2.520 2.227 1.802 1.427 1.114
 9  0.2620  1.4340 0.0E+00 2.24540 1.00000 2.192 2.657 2.418 2.034 1.570 1.178 0.869
10  0.2670  1.4310 0.0E+00 2.18484 1.00000 2.192 2.647 2.400 2.008 1.539 1.147 0.841
11  0.2770  1.4270 0.0E+00 2.07860 1.00000 2.187 2.623 2.357 1.949 1.476 1.087 0.785
12  0.2950  1.4190 0.0E+00 1.89237 1.00000 2.179 2.581 2.286 1.855 1.377 0.992 0.700
13  0.3030  1.4160 0.0E+00 1.81027 1.00000 2.174 2.559 2.251 1.810 1.330 0.950 0.665
14  0.3100  1.4160 0.0E+00 1.75980 1.00000 2.167 2.536 2.215 1.770 1.290 0.915 0.635
15  0.3160  1.4190 0.0E+00 1.72888 1.00000 2.155 2.506 2.173 1.721 1.245 0.877 0.605
16  0.3330  1.4160 0.0E+00 1.59844 1.00000 2.141 2.459 2.101 1.639 1.167 0.810 0.552
17  0.4290  1.4050 0.0E+00 1.04646 1.00000 2.035 2.184 1.716 1.234 0.814 0.533 0.345
18  0.6310  1.3960 2.3E-08 0.48095 1.00000 1.749 1.670 1.088 0.661 0.367 0.206 0.109
19  0.9730  1.3890 1.9E-06 0.16361 0.99997 1.296 1.126 0.540 0.242 0.098 0.041 0.016
20  1.2700  1.3820 1.0E-05 0.07601 0.99970 0.996 0.874 0.324 0.113 0.037 0.013 0.005
21  1.4480  1.3790 1.2E-04 0.05013 0.99543 0.856 0.778 0.250 0.075 0.021 0.007 0.002
22  1.7670  1.3700 3.6E-04 0.02571 0.97777 0.658 0.668 0.169 0.040 0.010 0.003 0.001
23  2.0390  1.3580 1.0E-03 0.01591 0.91050 0.530 0.613 0.127 0.025 0.005 0.001 0.000
24  2.3090  1.3350 1.8E-03 0.01003 0.79578 0.432 0.577 0.101 0.016 0.003 0.001 0.000
25  2.7480  1.2620 7.8E-02 0.05983 0.03722 0.307 0.541 0.071 0.009 0.001 0.000 0.000
26  3.4040  1.3700 1.4E-01 0.08193 0.02523 0.224 0.521 0.048 0.004 0.000 0.000 0.000
27  5.3620  1.3580 1.7E-01 0.06096 0.00604 0.098 0.504 0.020 0.001 0.000 0.000 0.000
Bkgd280K50  0.1308  0.0245  1.4056   280.0    50.0
 5  0.2020  1.4600 0.0E+00 2.83907 1.00000 2.183 2.758 2.601 2.336 1.920 1.543 1.226
 6  0.2080  1.4600 0.0E+00 2.79884 1.00000 2.182 2.743 2.577 2.297 1.875 1.496 1.178
 7  0.2110  1.4600 0.0E+00 2.77808 1.00000 2.181 2.735 2.565 2.278 1.853 1.473 1.156
 8  0.2140  1.4600 0.0E+00 2.75808 1.00000 2.180 2.728 2.552 2.259 1.831 1.451 1.134
 9  0.2620  1.4270 0.0E+00 2.20793 1.00000 2.202 2.676 2.444 2.059 1.592 1.195 0.882
10  0.2670  1.4240 0.0E+00 2.14660 1.00000 2.201 2.665 2.425 2.032 1.560 1.164 0.853
11  0.2770  1.4200 0.0E+00 2.04066 1.00000 2.197 2.640 2.381 1.973 1.496 1.102 0.796
12  0.2950  1.4120 0.0E+00 1.85413 1.00000 2.189 2.599 2.311 1.880 1.398 1.008 0.713
13  0.3030  1.4090 0.0E+00 1.77235 1.00000 2.184 2.577 2.275 1.835 1.352 0.967 0.678
14  0.3100  1.4090 0.0E+00 1.72206 1.00000 2.176 2.553 2.240 1.793 1.312 0.932 0.648
15  0.3160  1.4120 0.0E+00 1.69224 1.00000 2.165 2.524 2.197 1.745 1.267 0.893 0.618
16  0.3330  1.4100 0.0E+00 1.56796 1.00000 2.150 2.474 2.122 1.658 1.185 0.825 0.564
17  0.4290  1.3980 0.0E+00 1.01901 1.00000 2.041 2.198 1.732 1.249 0.826 0.542 0.351
18  0.6310  1.3890 2.3E-08 0.46618 1.00000 1.752 1.676 1.095 0.666 0.371 0.208 0.110
19  0.9730  1.3820 1.9E-06 0.15753 0.99996 1.295 1.127 0.542 0.243 0.098 0.041 0.016
20  1.2700  1.3740 1.0E-05 0.07216 0.99969 0.994 0.873 0.324 0.113 0.037 0.013 0.005
21  1.4480  1.3650 1.2E-04 0.04603 0.99507 0.851 0.777 0.251 0.075 0.022 0.007 0.002
22  1.7670  1.3560 3.6E-04 0.02411 0.97595 0.652 0.667 0.170 0.040 0.010 0.003 0.001
23  2.0390  1.3440 1.0E-03 0.01453 0.90346 0.526 0.612 0.128 0.025 0.005 0.001 0.000
24  2.3090  1.3210 1.8E-03 0.00978 0.78092 0.429 0.576 0.101 0.016 0.003 0.001 0.000
25  2.7480  1.2510 7.8E-02 0.05972 0.03457 0.306 0.541 0.072 0.009 0.001 0.000 0.000
26  3.4040  1.3580 1.4E-01 0.07869 0.02467 0.223 0.521 0.048 0.004 0.000 0.000 0.000
27  5.3620  1.3440 1.7E-01 0.05782 0.00584 0.097 0.504 0.020 0.001 0.000 0.000 0.000
Bkgd220K70  0.1308  0.0245  1.6885   220.0    70.0
 5  0.2020  1.5050 0.0E+00 2.96612 1.00000 2.095 2.614 2.391 2.141 1.731 1.398 1.097
 6  0.2080  1.5050 0.0E+00 2.93594 1.00000 2.095 2.600 2.369 2.103 1.687 1.352 1.049
 7  0.2110  1.5050 0.0E+00 2.91894 1.00000 2.096 2.595 2.360 2.085 1.667 1.327 1.029
 8  0.2140  1.5050 0.0E+00 2.90397 1.00000 2.096 2.588 2.349 2.067 1.648 1.306 1.008
 9  0.2620  1.4720 0.0E+00 2.43508 1.00000 2.134 2.556 2.280 1.903 1.452 1.089 0.801
10  0.2670  1.4690 0.0E+00 2.37886 1.00000 2.134 2.547 2.265 1.880 1.426 1.063 0.778
11  0.2770  1.4640 0.0E+00 2.27070 1.00000 2.133 2.527 2.230 1.831 1.373 1.011 0.729
12  0.2950  1.4560 0.0E+00 2.08682 1.00000 2.127 2.489 2.163 1.741 1.278 0.920 0.648
13  0.3030  1.4520 0.0E+00 1.99818 1.00000 2.124 2.469 2.131 1.698 1.234 0.878 0.611
14  0.3100  1.4510 0.0E+00 1.93983 1.00000 2.118 2.448 2.100 1.660 1.196 0.844 0.583
15  0.3160  1.4510 0.0E+00 1.89159 1.00000 2.111 2.428 2.068 1.623 1.160 0.812 0.556
16  0.3330  1.4500 0.0E+00 1.76575 1.00000 2.095 2.377 1.991 1.535 1.076 0.741 0.498
17  0.4290  1.4380 0.0E+00 1.17344 1.00000 2.002 2.122 1.640 1.163 0.754 0.489 0.314
18  0.6310  1.4310 2.0E-08 0.55679 1.00000 1.736 1.638 1.052 0.633 0.349 0.195 0.102
19  0.9730  1.4240 1.5E-06 0.19310 0.99998 1.302 1.119 0.530 0.238 0.094 0.039 0.015
20  1.2700  1.4170 8.6E-06 0.08993 0.99979 1.007 0.873 0.320 0.112 0.036 0.012 0.004
21  1.4480  1.4300 9.4E-05 0.06466 0.99719 0.874 0.781 0.247 0.074 0.021 0.007 0.002
22  1.7670  1.4220 4.7E-04 0.03318 0.97821 0.675 0.672 0.167 0.040 0.009 0.003 0.001
23  2.0390  1.4100 1.3E-03 0.02046 0.91836 0.545 0.616 0.127 0.024 0.005 0.001 0.000
24  2.3090  1.3880 2.1E-03 0.01306 0.81659 0.445 0.579 0.100 0.016 0.003 0.001 0.000
25  2.7480  1.3190 5.1E-02 0.04039 0.07682 0.319 0.544 0.072 0.009 0.001 0.000 0.000
26  3.4040  1.3660 1.7E-01 0.09768 0.02187 0.223 0.521 0.047 0.004 0.000 0.000 0.000
27  5.3620  1.4060 2.1E-01 0.07255 0.00660 0.100 0.504 0.020 0.001 0.000 0.000 0.000
Bkgd250K70  0.1308  0.0245  1.6566   250.0    70.0
 5  0.2020  1.4970 0.0E+00 2.94528 1.00000 2.112 2.640 2.428 2.172 1.761 1.418 1.116
 6  0.2080  1.4970 0.0E+00 2.91443 1.00000 2.111 2.626 2.405 2.135 1.718 1.373 1.071
 7  0.2110  1.4970 0.0E+00 2.89760 1.00000 2.111 2.618 2.394 2.117 1.698 1.351 1.049
 8  0.2140  1.4970 0.0E+00 2.88032 1.00000 2.111 2.612 2.384 2.100 1.678 1.330 1.028
 9  0.2620  1.4640 0.0E+00 2.39786 1.00000 2.146 2.577 2.308 1.930 1.477 1.108 0.817
10  0.2670  1.4600 0.0E+00 2.33410 1.00000 2.148 2.571 2.296 1.909 1.453 1.083 0.793
11  0.2770  1.4550 0.0E+00 2.22523 1.00000 2.147 2.551 2.260 1.859 1.398 1.028 0.743
12  0.2950  1.4480 0.0E+00 2.04487 1.00000 2.139 2.507 2.189 1.764 1.298 0.933 0.658
13  0.3030  1.4440 0.0E+00 1.95656 1.00000 2.135 2.488 2.156 1.722 1.253 0.892 0.622
14  0.3100  1.4420 0.0E+00 1.89448 1.00000 2.131 2.470 2.129 1.686 1.218 0.860 0.595
15  0.3160  1.4430 0.0E+00 1.85138 1.00000 2.122 2.447 2.093 1.646 1.179 0.827 0.567
16  0.3330  1.4420 0.0E+00 1.72703 1.00000 2.106 2.396 2.016 1.558 1.096 0.755 0.509
17  0.4290  1.4300 0.0E+00 1.14248 1.00000 2.010 2.137 1.658 1.180 0.768 0.499 0.321
18  0.6310  1.4230 2.0E-08 0.53928 1.00000 1.739 1.645 1.061 0.639 0.353 0.198 0.104
19  0.9730  1.4160 1.5E-06 0.18585 0.99998 1.301 1.121 0.533 0.239 0.095 0.039 0.015
20  1.2700  1.4080 8.6E-06 0.08592 0.99978 1.004 0.874 0.321 0.112 0.036 0.013 0.004
21  1.4480  1.4130 9.4E-05 0.06007 0.99694 0.868 0.780 0.248 0.074 0.021 0.007 0.002
22  1.7670  1.4050 4.7E-04 0.03033 0.97630 0.669 0.671 0.167 0.040 0.009 0.003 0.001
23  2.0390  1.3930 1.3E-03 0.01892 0.91143 0.540 0.615 0.127 0.024 0.005 0.001 0.000
24  2.3090  1.3710 2.1E-03 0.01174 0.80207 0.441 0.579 0.100 0.016 0.003 0.001 0.000
25  2.7480  1.3050 5.1E-02 0.04025 0.07080 0.317 0.543 0.072 0.009 0.001 0.000 0.000
26  3.4040  1.3520 1.6E-01 0.09443 0.02104 0.221 0.521 0.047 0.004 0.000 0.000 0.000
27  5.3620  1.3900 2.0E-01 0.06943 0.00634 0.099 0.504 0.020 0.001 0.000 0.000 0.000
Bkgd280K70  0.1308  0.0245  1.6268   280.0    70.0
 5  0.2020  1.4880 0.0E+00 2.92310 1.00000 2.128 2.667 2.467 2.210 1.798 1.448 1.142
 6  0.2080  1.4880 0.0E+00 2.88842 1.00000 2.129 2.654 2.446 2.172 1.754 1.399 1.094
 7  0.2110  1.4880 0.0E+00 2.87074 1.00000 2.128 2.647 2.435 2.154 1.734 1.378 1.073
 8  0.2140  1.4880 0.0E+00 2.85391 1.00000 2.128 2.640 2.424 2.137 1.714 1.357 1.053
 9  0.2620  1.4550 0.0E+00 2.35319 1.00000 2.161 2.601 2.341 1.961 1.504 1.128 0.832
10  0.2670  1.4520 0.0E+00 2.29367 1.00000 2.161 2.592 2.325 1.935 1.477 1.100 0.805
11  0.2770  1.4470 0.0E+00 2.18400 1.00000 2.158 2.571 2.288 1.884 1.420 1.045 0.754
12  0.2950  1.4390 0.0E+00 1.99809 1.00000 2.151 2.530 2.219 1.791 1.321 0.950 0.669
13  0.3030  1.4360 0.0E+00 1.91508 1.00000 2.146 2.509 2.183 1.747 1.275 0.907 0.633
14  0.3100  1.4340 0.0E+00 1.85329 1.00000 2.142 2.490 2.154 1.710 1.239 0.876 0.606
15  0.3160  1.4350 0.0E+00 1.81134 1.00000 2.134 2.467 2.119 1.671 1.200 0.842 0.578
16  0.3330  1.4340 0.0E+00 1.68751 1.00000 2.117 2.415 2.042 1.582 1.117 0.771 0.522
17  0.4290  1.4220 0.0E+00 1.11245 1.00000 2.018 2.152 1.677 1.197 0.783 0.510 0.329
18  0.6310  1.4140 2.0E-08 0.51961 1.00000 1.743 1.653 1.070 0.646 0.358 0.201 0.106
19  0.9730  1.4080 1.5E-06 0.17957 0.99998 1.299 1.122 0.535 0.239 0.096 0.040 0.015
20  1.2700  1.3980 8.6E-06 0.08178 0.99976 1.001 0.874 0.322 0.112 0.036 0.013 0.004
21  1.4480  1.3960 9.4E-05 0.05457 0.99667 0.862 0.779 0.249 0.075 0.021 0.007 0.002
22  1.7670  1.3880 4.7E-04 0.02852 0.97413 0.664 0.670 0.168 0.040 0.009 0.003 0.001
23  2.0390  1.3760 1.3E-03 0.01743 0.90363 0.535 0.614 0.127 0.025 0.005 0.001 0.000
24  2.3090  1.3550 2.1E-03 0.01141 0.78698 0.437 0.578 0.101 0.016 0.003 0.001 0.000
25  2.7480  1.2920 5.1E-02 0.04012 0.06541 0.314 0.543 0.072 0.009 0.001 0.000 0.000
26  3.4040  1.3370 1.6E-01 0.09116 0.02012 0.220 0.521 0.048 0.004 0.000 0.000 0.000
27  5.3620  1.3730 1.9E-01 0.06727 0.00606 0.098 0.504 0.020 0.001 0.000 0.000 0.000
Bkgd220K90  0.1308  0.0245  1.8948   220.0    90.0
 5  0.2020  1.5170 0.0E+00 2.99389 1.00000 2.073 2.578 2.338 2.095 1.687 1.370 1.071
 6  0.2080  1.5170 0.0E+00 2.96547 1.00000 2.074 2.566 2.320 2.056 1.642 1.317 1.021
 7  0.2110  1.5170 0.0E+00 2.95189 1.00000 2.074 2.559 2.308 2.038 1.623 1.296 0.999
 8  0.2140  1.5170 0.0E+00 2.93690 1.00000 2.074 2.552 2.297 2.022 1.602 1.276 0.979
 9  0.2620  1.4820 0.0E+00 2.48104 1.00000 2.119 2.529 2.245 1.869 1.423 1.067 0.783
10  0.2670  1.4790 0.0E+00 2.42489 1.00000 2.120 2.521 2.230 1.847 1.397 1.041 0.760
11  0.2770  1.4750 0.0E+00 2.32435 1.00000 2.117 2.499 2.194 1.796 1.344 0.990 0.714
12  0.2950  1.4680 0.0E+00 2.14700 1.00000 2.110 2.459 2.126 1.707 1.249 0.900 0.633
13  0.3030  1.4650 0.0E+00 2.06393 1.00000 2.106 2.437 2.092 1.662 1.204 0.857 0.596
14  0.3100  1.4650 0.0E+00 2.01020 1.00000 2.099 2.415 2.057 1.622 1.163 0.822 0.566
15  0.3160  1.4670 0.0E+00 1.97156 1.00000 2.090 2.389 2.020 1.579 1.124 0.787 0.537
16  0.3330  1.4620 0.0E+00 1.82416 1.00000 2.079 2.348 1.955 1.502 1.048 0.720 0.482
17  0.4290  1.4490 0.0E+00 1.21657 1.00000 1.990 2.101 1.614 1.139 0.736 0.475 0.304
18  0.6310  1.4420 8.9E-09 0.58131 1.00000 1.731 1.626 1.041 0.624 0.343 0.191 0.101
19  0.9730  1.4340 1.1E-06 0.20167 0.99998 1.303 1.117 0.528 0.236 0.093 0.039 0.015
20  1.2700  1.4310 6.6E-06 0.09655 0.99984 1.011 0.873 0.319 0.111 0.035 0.012 0.004
21  1.4480  1.4550 7.1E-05 0.07211 0.99813 0.881 0.781 0.244 0.074 0.021 0.007 0.002
22  1.7670  1.4490 4.6E-04 0.03760 0.98107 0.684 0.674 0.166 0.040 0.009 0.003 0.001
23  2.0390  1.4380 1.1E-03 0.02336 0.93489 0.555 0.618 0.126 0.024 0.005 0.001 0.000
24  2.3090  1.4190 1.9E-03 0.01473 0.85040 0.453 0.581 0.099 0.016 0.003 0.001 0.000
25  2.7480  1.3670 2.6E-02 0.02400 0.17180 0.330 0.546 0.072 0.009 0.001 0.000 0.000
26  3.4040  1.3500 1.7E-01 0.09759 0.02036 0.221 0.521 0.047 0.004 0.000 0.000 0.000
27  5.3620  1.4330 2.1E-01 0.07052 0.00738 0.101 0.505 0.020 0.001 0.000 0.000 0.000
Bkgd250K90  0.1308  0.0245  1.8615   250.0    90.0
 5  0.2020  1.5080 0.0E+00 2.97379 1.00000 2.089 2.605 2.377 2.129 1.720 1.391 1.091
 6  0.2080  1.5080 0.0E+00 2.94356 1.00000 2.090 2.591 2.356 2.092 1.676 1.343 1.044
 7  0.2110  1.5080 0.0E+00 2.92738 1.00000 2.091 2.586 2.347 2.073 1.655 1.319 1.021
 8  0.2140  1.5080 0.0E+00 2.91173 1.00000 2.091 2.579 2.337 2.055 1.636 1.298 1.000
 9  0.2620  1.4740 0.0E+00 2.44504 1.00000 2.131 2.550 2.273 1.896 1.447 1.084 0.798
10  0.2670  1.4710 0.0E+00 2.38795 1.00000 2.131 2.542 2.257 1.872 1.421 1.059 0.774
11  0.2770  1.4670 0.0E+00 2.28590 1.00000 2.129 2.520 2.220 1.821 1.365 1.006 0.726
12  0.2950  1.4600 0.0E+00 2.10686 1.00000 2.122 2.478 2.151 1.729 1.268 0.913 0.643
13  0.3030  1.4570 0.0E+00 2.02305 1.00000 2.118 2.457 2.115 1.684 1.222 0.870 0.606
14  0.3100  1.4570 0.0E+00 1.97049 1.00000 2.110 2.434 2.081 1.643 1.182 0.834 0.575
15  0.3160  1.4580 0.0E+00 1.92706 1.00000 2.102 2.411 2.047 1.604 1.143 0.801 0.548
16  0.3330  1.4540 0.0E+00 1.78517 1.00000 2.090 2.366 1.979 1.523 1.066 0.733 0.493
17  0.4290  1.4410 0.0E+00 1.18565 1.00000 1.998 2.116 1.633 1.156 0.750 0.485 0.311
18  0.6310  1.4340 8.9E-09 0.56393 1.00000 1.734 1.634 1.049 0.631 0.347 0.194 0.101
19  0.9730  1.4260 1.1E-06 0.19540 0.99998 1.302 1.119 0.530 0.237 0.094 0.039 0.015
20  1.2700  1.4210 6.6E-06 0.09140 0.99984 1.008 0.873 0.320 0.112 0.036 0.012 0.004
21  1.4480  1.4380 7.1E-05 0.06742 0.99797 0.876 0.781 0.246 0.074 0.021 0.007 0.002
22  1.7670  1.4310 4.6E-04 0.03463 0.97940 0.678 0.673 0.166 0.040 0.009 0.003 0.001
23  2.0390  1.4200 1.1E-03 0.02077 0.92929 0.548 0.617 0.126 0.024 0.005 0.001 0.000
24  2.3090  1.4020 1.9E-03 0.01337 0.83893 0.449 0.580 0.099 0.016 0.003 0.001 0.000
25  2.7480  1.3530 2.6E-02 0.02383 0.16077 0.327 0.546 0.072 0.009 0.001 0.000 0.000
26  3.4040  1.3350 1.6E-01 0.09434 0.01944 0.219 0.521 0.048 0.004 0.000 0.000 0.000
27  5.3620  1.4160 2.0E-01 0.06739 0.00709 0.100 0.505 0.020 0.001 0.000 0.000 0.000
Bkgd280K90  0.1308  0.0245  1.8306   280.0    90.0
 5  0.2020  1.5000 0.0E+00 2.95317 1.00000 2.106 2.630 2.414 2.160 1.750 1.410 1.108
 6  0.2080  1.5000 0.0E+00 2.92187 1.00000 2.106 2.616 2.392 2.123 1.706 1.364 1.063
 7  0.2110  1.5000 0.0E+00 2.90640 1.00000 2.106 2.609 2.381 2.105 1.686 1.343 1.041
 8  0.2140  1.5000 0.0E+00 2.88962 1.00000 2.106 2.603 2.372 2.087 1.666 1.321 1.021
 9  0.2620  1.4660 0.0E+00 2.40697 1.00000 2.143 2.572 2.302 1.923 1.471 1.103 0.812
10  0.2670  1.4630 0.0E+00 2.34937 1.00000 2.144 2.562 2.285 1.899 1.444 1.076 0.788
11  0.2770  1.4580 0.0E+00 2.24036 1.00000 2.142 2.542 2.250 1.849 1.389 1.022 0.739
12  0.2950  1.4510 0.0E+00 2.06084 1.00000 2.134 2.501 2.180 1.755 1.291 0.928 0.653
13  0.3030  1.4480 0.0E+00 1.97734 1.00000 2.129 2.479 2.144 1.711 1.244 0.885 0.617
14  0.3100  1.4480 0.0E+00 1.92501 1.00000 2.123 2.456 2.109 1.669 1.204 0.849 0.587
15  0.3160  1.4500 0.0E+00 1.88668 1.00000 2.112 2.430 2.071 1.626 1.162 0.814 0.558
16  0.3330  1.4460 0.0E+00 1.74636 1.00000 2.101 2.386 2.004 1.546 1.086 0.747 0.504
17  0.4290  1.4330 0.0E+00 1.15471 1.00000 2.007 2.132 1.652 1.174 0.764 0.496 0.318
18  0.6310  1.4250 8.9E-09 0.54343 1.00000 1.739 1.643 1.058 0.638 0.352 0.197 0.103
19  0.9730  1.4180 1.1E-06 0.18814 0.99998 1.301 1.120 0.532 0.239 0.095 0.039 0.015
20  1.2700  1.4110 6.6E-06 0.08724 0.99983 1.005 0.874 0.321 0.112 0.036 0.012 0.004
21  1.4480  1.4200 7.1E-05 0.06172 0.99779 0.870 0.780 0.247 0.074 0.021 0.007 0.002
22  1.7670  1.4130 4.6E-04 0.03171 0.97751 0.672 0.672 0.167 0.040 0.009 0.003 0.001
23  2.0390  1.4030 1.1E-03 0.01923 0.92334 0.543 0.616 0.127 0.024 0.005 0.001 0.000
24  2.3090  1.3850 1.9E-03 0.01299 0.82625 0.444 0.579 0.100 0.016 0.003 0.001 0.000
25  2.7480  1.3390 2.6E-02 0.02369 0.14995 0.325 0.545 0.072 0.009 0.001 0.000 0.000
26  3.4040  1.3200 1.6E-01 0.09107 0.01852 0.218 0.520 0.048 0.004 0.000 0.000 0.000
27  5.3620  1.3990 1.9E-01 0.06523 0.00681 0.100 0.504 0.020 0.001 0.000 0.000 0.000
Volc220K50  0.4218  0.2177  1.4572   220.0    50.0
 5  0.2020  1.4740 0.0E+00 2.62345 1.00000 2.234 3.245 3.420 4.045 4.082 4.474 4.549
 6  0.2080  1.4740 0.0E+00 2.63499 1.00000 2.227 3.237 3.403 4.028 4.044 4.431 4.477
 7  0.2110  1.4740 0.0E+00 2.63980 1.00000 2.225 3.233 3.400 4.019 4.033 4.409 4.456
 8  0.2140  1.4740 0.0E+00 2.63857 1.00000 2.226 3.232 3.401 4.008 4.022 4.385 4.433
 9  0.2620  1.4410 0.0E+00 2.54750 1.00000 2.165 3.112 3.194 3.679 3.668 3.919 3.994
10  0.2670  1.4380 0.0E+00 2.53309 1.00000 2.147 3.079 3.140 3.619 3.601 3.852 3.920
11  0.2770  1.4340 0.0E+00 2.49566 1.00000 2.130 3.035 3.061 3.490 3.461 3.686 3.766
12  0.2950  1.4260 0.0E+00 2.44345 1.00000 2.103 2.955 2.918 3.261 3.205 3.384 3.471
13  0.3030  1.4230 0.0E+00 2.42744 1.00000 2.093 2.922 2.860 3.160 3.091 3.246 3.333
14  0.3100  1.4230 0.0E+00 2.42130 1.00000 2.085 2.896 2.816 3.092 3.013 3.154 3.238
15  0.3160  1.4250 0.0E+00 2.41939 1.00000 2.077 2.873 2.776 3.035 2.948 3.079 3.161
16  0.3330  1.4230 0.0E+00 2.41942 1.00000 2.070 2.829 2.703 2.901 2.794 2.884 2.954
17  0.4290  1.4120 0.0E+00 2.69247 1.00000 2.154 2.831 2.754 2.765 2.615 2.494 2.404
18  0.6310  1.4030 2.3E-08 2.96037 1.00000 2.215 2.823 2.823 2.672 2.362 1.951 1.554
19  0.9730  1.3960 1.9E-06 2.01933 0.99998 2.012 2.400 2.109 1.633 1.106 0.685 0.376
20  1.2700  1.3900 1.0E-05 1.27311 0.99988 1.830 1.977 1.433 0.898 0.463 0.222 0.090
21  1.4480  1.3930 1.2E-04 0.99153 0.99823 1.724 1.737 1.107 0.611 0.269 0.111 0.038
22  1.7670  1.3850 3.6E-04 0.60133 0.99168 1.537 1.382 0.702 0.311 0.106 0.033 0.009
23  2.0390  1.3720 1.0E-03 0.38846 0.96704 1.362 1.145 0.491 0.181 0.051 0.013 0.002
24  2.3090  1.3490 1.8E-03 0.24498 0.92687 1.176 0.962 0.359 0.111 0.026 0.006 0.001
25  2.7480  1.2720 7.8E-02 0.28964 0.24870 0.888 0.756 0.240 0.057 0.010 0.002 0.000
26  3.4040  1.3830 1.5E-01 0.38849 0.19654 0.647 0.627 0.143 0.024 0.003 0.000 0.000
27  5.3620  1.3710 1.8E-01 0.23893 0.07066 0.270 0.522 0.055 0.004 0.000 0.000 0.000
Volc250K50  0.4218  0.2177  1.4308   250.0    50.0
 5  0.2020  1.4670 0.0E+00 2.62526 1.00000 2.240 3.263 3.465 4.070 4.103 4.461 4.549
 6  0.2080  1.4670 0.0E+00 2.63403 1.00000 2.235 3.251 3.438 4.047 4.077 4.437 4.503
 7  0.2110  1.4670 0.0E+00 2.63765 1.00000 2.232 3.247 3.427 4.037 4.060 4.419 4.477
 8  0.2140  1.4670 0.0E+00 2.63907 1.00000 2.231 3.243 3.421 4.026 4.046 4.399 4.452
 9  0.2620  1.4340 0.0E+00 2.54413 1.00000 2.155 3.100 3.177 3.669 3.663 3.920 3.997
10  0.2670  1.4310 0.0E+00 2.51077 1.00000 2.155 3.085 3.148 3.600 3.590 3.822 3.906
11  0.2770  1.4270 0.0E+00 2.48164 1.00000 2.134 3.036 3.060 3.470 3.444 3.656 3.745
12  0.2950  1.4190 0.0E+00 2.43270 1.00000 2.109 2.959 2.924 3.241 3.187 3.350 3.444
13  0.3030  1.4160 0.0E+00 2.41812 1.00000 2.102 2.928 2.869 3.144 3.075 3.212 3.303
14  0.3100  1.4160 0.0E+00 2.41358 1.00000 2.096 2.905 2.829 3.079 3.000 3.123 3.209
15  0.3160  1.4190 0.0E+00 2.41522 1.00000 2.085 2.879 2.787 3.027 2.939 3.057 3.139
16  0.3330  1.4160 0.0E+00 2.41955 1.00000 2.084 2.844 2.728 2.902 2.794 2.867 2.935
17  0.4290  1.4050 0.0E+00 2.71367 1.00000 2.176 2.866 2.811 2.816 2.669 2.536 2.436
18  0.6310  1.3960 2.3E-08 2.93976 1.00000 2.227 2.844 2.856 2.706 2.393 1.978 1.573
19  0.9730  1.3890 1.9E-06 1.96993 0.99998 2.018 2.409 2.120 1.643 1.112 0.689 0.379
20  1.2700  1.3820 1.0E-05 1.22751 0.99987 1.834 1.983 1.438 0.901 0.464 0.222 0.090
21  1.4480  1.3790 1.2E-04 0.92494 0.99811 1.730 1.745 1.112 0.614 0.270 0.111 0.039
22  1.7670  1.3700 3.6E-04 0.55431 0.99104 1.538 1.386 0.705 0.312 0.107 0.033 0.009
23  2.0390  1.3580 1.0E-03 0.35939 0.96471 1.359 1.145 0.493 0.181 0.051 0.013 0.003
24  2.3090  1.3350 1.8E-03 0.22560 0.92204 1.170 0.960 0.360 0.111 0.026 0.006 0.001
25  2.7480  1.2620 7.8E-02 0.28237 0.23765 0.884 0.755 0.240 0.057 0.010 0.002 0.000
26  3.4040  1.3700 1.4E-01 0.37015 0.19309 0.643 0.626 0.144 0.024 0.003 0.000 0.000
27  5.3620  1.3580 1.7E-01 0.22705 0.06898 0.268 0.522 0.055 0.004 0.000 0.000 0.000
Volc280K50  0.4218  0.2177  1.4056   280.0    50.0
 5  0.2020  1.4600 0.0E+00 2.62103 1.00000 2.254 3.285 3.488 4.089 4.141 4.498 4.606
 6  0.2080  1.4600 0.0E+00 2.62480 1.00000 2.250 3.273 3.476 4.067 4.111 4.451 4.538
 7  0.2110  1.4600 0.0E+00 2.63188 1.00000 2.243 3.264 3.459 4.055 4.092 4.434 4.507
 8  0.2140  1.4600 0.0E+00 2.63756 1.00000 2.236 3.255 3.443 4.045 4.072 4.413 4.476
 9  0.2620  1.4270 0.0E+00 2.51697 1.00000 2.165 3.107 3.189 3.653 3.653 3.891 3.975
10  0.2670  1.4240 0.0E+00 2.49936 1.00000 2.156 3.085 3.146 3.582 3.575 3.798 3.892
11  0.2770  1.4200 0.0E+00 2.46724 1.00000 2.138 3.037 3.060 3.449 3.425 3.625 3.721
12  0.2950  1.4120 0.0E+00 2.42276 1.00000 2.116 2.963 2.930 3.224 3.169 3.317 3.413
13  0.3030  1.4090 0.0E+00 2.41121 1.00000 2.110 2.936 2.880 3.132 3.062 3.184 3.275
14  0.3100  1.4090 0.0E+00 2.40910 1.00000 2.105 2.914 2.844 3.070 2.989 3.097 3.183
15  0.3160  1.4120 0.0E+00 2.40931 1.00000 2.097 2.892 2.806 3.020 2.931 3.031 3.112
16  0.3330  1.4100 0.0E+00 2.42184 1.00000 2.097 2.859 2.752 2.908 2.799 2.858 2.922
17  0.4290  1.3980 0.0E+00 2.73426 1.00000 2.198 2.900 2.869 2.870 2.724 2.582 2.471
18  0.6310  1.3890 2.3E-08 2.91672 1.00000 2.239 2.864 2.889 2.739 2.424 2.004 1.591
19  0.9730  1.3820 1.9E-06 1.91891 0.99998 2.023 2.418 2.131 1.651 1.118 0.693 0.381
20  1.2700  1.3740 1.0E-05 1.18111 0.99987 1.838 1.989 1.443 0.904 0.466 0.223 0.091
21  1.4480  1.3650 1.2E-04 0.85977 0.99797 1.735 1.754 1.117 0.616 0.272 0.111 0.039
22  1.7670  1.3560 3.6E-04 0.51214 0.99036 1.539 1.388 0.708 0.312 0.107 0.033 0.009
23  2.0390  1.3440 1.0E-03 0.33094 0.96214 1.355 1.144 0.495 0.181 0.052 0.013 0.003
24  2.3090  1.3210 1.8E-03 0.20684 0.91676 1.165 0.958 0.361 0.111 0.027 0.006 0.001
25  2.7480  1.2510 7.8E-02 0.27511 0.22535 0.880 0.753 0.241 0.057 0.010 0.002 0.000
26  3.4040  1.3580 1.4E-01 0.35243 0.19032 0.639 0.625 0.144 0.024 0.003 0.000 0.000
27  5.3620  1.3440 1.7E-01 0.21598 0.06701 0.267 0.522 0.055 0.004 0.000 0.000 0.000
Volc220K70  0.4218  0.2177  1.6885   220.0    70.0
 5  0.2020  1.5050 0.0E+00 2.61210 1.00000 2.195 3.177 3.310 3.959 3.969 4.421 4.462
 6  0.2080  1.5050 0.0E+00 2.63795 1.00000 2.184 3.165 3.275 3.945 3.932 4.398 4.387
 7  0.2110  1.5050 0.0E+00 2.62004 1.00000 2.206 3.187 3.313 3.933 3.931 4.352 4.384
 8  0.2140  1.5050 0.0E+00 2.62820 1.00000 2.202 3.179 3.310 3.921 3.911 4.318 4.340
 9  0.2620  1.4720 0.0E+00 2.60379 1.00000 2.154 3.100 3.181 3.715 3.666 3.957 3.967
10  0.2670  1.4690 0.0E+00 2.60561 1.00000 2.131 3.067 3.122 3.670 3.625 3.926 3.944
11  0.2770  1.4640 0.0E+00 2.55638 1.00000 2.122 3.034 3.065 3.562 3.511 3.780 3.809
12  0.2950  1.4560 0.0E+00 2.49995 1.00000 2.085 2.949 2.917 3.350 3.283 3.521 3.568
13  0.3030  1.4520 0.0E+00 2.47449 1.00000 2.071 2.910 2.848 3.242 3.166 3.382 3.439
14  0.3100  1.4510 0.0E+00 2.46053 1.00000 2.059 2.880 2.796 3.164 3.080 3.283 3.343
15  0.3160  1.4510 0.0E+00 2.44909 1.00000 2.050 2.853 2.751 3.096 3.004 3.194 3.255
16  0.3330  1.4500 0.0E+00 2.43190 1.00000 2.029 2.790 2.644 2.932 2.823 2.979 3.037
17  0.4290  1.4380 0.0E+00 2.61965 1.00000 2.075 2.714 2.555 2.599 2.445 2.370 2.315
18  0.6310  1.4310 2.0E-08 3.01677 1.00000 2.164 2.736 2.686 2.538 2.238 1.848 1.481
19  0.9730  1.4240 1.5E-06 2.21211 0.99999 1.988 2.359 2.063 1.593 1.080 0.669 0.367
20  1.2700  1.4170 8.6E-06 1.43128 0.99991 1.814 1.953 1.415 0.887 0.456 0.220 0.089
21  1.4480  1.4300 9.4E-05 1.17272 0.99880 1.709 1.713 1.090 0.604 0.265 0.110 0.037
22  1.7670  1.4220 4.7E-04 0.72382 0.99102 1.533 1.371 0.693 0.310 0.105 0.033 0.009
23  2.0390  1.4100 1.3E-03 0.47523 0.96721 1.368 1.143 0.486 0.180 0.050 0.013 0.002
24  2.3090  1.3880 2.1E-03 0.30491 0.92884 1.190 0.966 0.355 0.110 0.026 0.006 0.001
25  2.7480  1.3190 5.1E-02 0.25291 0.38549 0.905 0.763 0.237 0.056 0.010 0.002 0.000
26  3.4040  1.3660 1.7E-01 0.42368 0.17141 0.641 0.625 0.144 0.024 0.003 0.000 0.000
27  5.3620  1.4060 2.1E-01 0.27396 0.07444 0.274 0.523 0.055 0.004 0.000 0.000 0.000
Volc250K70  0.4218  0.2177  1.6566   250.0    70.0
 5  0.2020  1.4970 0.0E+00 2.60833 1.00000 2.214 3.208 3.359 3.980 3.989 4.407 4.468
 6  0.2080  1.4970 0.0E+00 2.63626 1.00000 2.198 3.183 3.314 3.964 3.964 4.390 4.412
 7  0.2110  1.4970 0.0E+00 2.63877 1.00000 2.199 3.184 3.312 3.952 3.942 4.364 4.376
 8  0.2140  1.4970 0.0E+00 2.64231 1.00000 2.200 3.185 3.315 3.946 3.933 4.345 4.355
 9  0.2620  1.4640 0.0E+00 2.59373 1.00000 2.154 3.100 3.177 3.708 3.676 3.962 3.997
10  0.2670  1.4600 0.0E+00 2.57021 1.00000 2.144 3.077 3.144 3.660 3.624 3.899 3.924
11  0.2770  1.4550 0.0E+00 2.54182 1.00000 2.122 3.032 3.061 3.544 3.500 3.759 3.803
12  0.2950  1.4480 0.0E+00 2.48397 1.00000 2.089 2.950 2.917 3.327 3.264 3.486 3.548
13  0.3030  1.4440 0.0E+00 2.46035 1.00000 2.075 2.911 2.848 3.219 3.146 3.347 3.414
14  0.3100  1.4420 0.0E+00 2.44547 1.00000 2.065 2.882 2.797 3.139 3.058 3.242 3.312
15  0.3160  1.4430 0.0E+00 2.43960 1.00000 2.055 2.856 2.753 3.075 2.986 3.160 3.230
16  0.3330  1.4420 0.0E+00 2.42664 1.00000 2.039 2.799 2.656 2.918 2.810 2.947 3.012
17  0.4290  1.4300 0.0E+00 2.64173 1.00000 2.099 2.749 2.613 2.645 2.493 2.402 2.338
18  0.6310  1.4230 2.0E-08 3.00426 1.00000 2.179 2.762 2.725 2.576 2.274 1.877 1.502
19  0.9730  1.4160 1.5E-06 2.15847 0.99999 1.995 2.371 2.077 1.604 1.088 0.673 0.370
20  1.2700  1.4080 8.6E-06 1.37822 0.99991 1.819 1.961 1.421 0.891 0.459 0.220 0.089
21  1.4480  1.4130 9.4E-05 1.08818 0.99871 1.716 1.724 1.098 0.607 0.266 0.111 0.038
22  1.7670  1.4050 4.7E-04 0.66612 0.99031 1.536 1.376 0.698 0.311 0.105 0.033 0.009
23  2.0390  1.3930 1.3E-03 0.43628 0.96466 1.365 1.144 0.489 0.180 0.051 0.013 0.002
24  2.3090  1.3710 2.1E-03 0.27908 0.92367 1.184 0.964 0.357 0.111 0.026 0.006 0.001
25  2.7480  1.3050 5.1E-02 0.24242 0.36797 0.899 0.761 0.237 0.056 0.010 0.002 0.000
26  3.4040  1.3520 1.6E-01 0.40514 0.16671 0.637 0.625 0.145 0.024 0.003 0.000 0.000
27  5.3620  1.3900 2.0E-01 0.26288 0.07189 0.272 0.522 0.055 0.004 0.000 0.000 0.000
Volc280K70  0.4218  0.2177  1.6268   280.0    70.0
 5  0.2020  1.4880 0.0E+00 2.62456 1.00000 2.212 3.214 3.362 4.006 4.021 4.451 4.504
 6  0.2080  1.4880 0.0E+00 2.61885 1.00000 2.225 3.222 3.388 3.984 3.999 4.379 4.441
 7  0.2110  1.4880 0.0E+00 2.63350 1.00000 2.215 3.209 3.367 3.975 3.983 4.367 4.410
 8  0.2140  1.4880 0.0E+00 2.64211 1.00000 2.209 3.202 3.351 3.968 3.967 4.354 4.382
 9  0.2620  1.4550 0.0E+00 2.58437 1.00000 2.148 3.093 3.171 3.709 3.684 3.973 4.001
10  0.2670  1.4520 0.0E+00 2.55093 1.00000 2.153 3.087 3.154 3.644 3.617 3.874 3.928
11  0.2770  1.4470 0.0E+00 2.52400 1.00000 2.125 3.033 3.061 3.525 3.488 3.734 3.793
12  0.2950  1.4390 0.0E+00 2.46668 1.00000 2.094 2.952 2.916 3.299 3.240 3.445 3.520
13  0.3030  1.4360 0.0E+00 2.44521 1.00000 2.082 2.915 2.851 3.194 3.123 3.306 3.384
14  0.3100  1.4340 0.0E+00 2.43356 1.00000 2.074 2.888 2.805 3.117 3.037 3.202 3.281
15  0.3160  1.4350 0.0E+00 2.42850 1.00000 2.064 2.862 2.761 3.056 2.968 3.123 3.198
16  0.3330  1.4340 0.0E+00 2.42181 1.00000 2.050 2.810 2.672 2.907 2.800 2.918 2.986
17  0.4290  1.4220 0.0E+00 2.66381 1.00000 2.123 2.785 2.674 2.696 2.545 2.440 2.366
18  0.6310  1.4140 2.0E-08 2.98714 1.00000 2.196 2.789 2.770 2.620 2.313 1.910 1.525
19  0.9730  1.4080 1.5E-06 2.10342 0.99999 2.002 2.382 2.090 1.616 1.095 0.678 0.372
20  1.2700  1.3980 8.6E-06 1.31951 0.99990 1.825 1.969 1.427 0.895 0.461 0.221 0.090
21  1.4480  1.3960 9.4E-05 1.00525 0.99860 1.723 1.735 1.105 0.611 0.269 0.111 0.038
22  1.7670  1.3880 4.7E-04 0.61102 0.98950 1.537 1.381 0.702 0.311 0.106 0.033 0.009
23  2.0390  1.3760 1.3E-03 0.39834 0.96181 1.362 1.145 0.491 0.181 0.051 0.013 0.002
24  2.3090  1.3550 2.1E-03 0.25486 0.91831 1.178 0.963 0.359 0.111 0.026 0.006 0.001
25  2.7480  1.2920 5.1E-02 0.23273 0.35116 0.894 0.760 0.237 0.057 0.010 0.002 0.000
26  3.4040  1.3370 1.6E-01 0.38600 0.16130 0.633 0.624 0.145 0.024 0.003 0.000 0.000
27  5.3620  1.3730 1.9E-01 0.25100 0.06906 0.270 0.522 0.055 0.004 0.000 0.000 0.000
Volc220K90  0.4218  0.2177  1.8948   220.0    90.0
 5  0.2020  1.5170 0.0E+00 2.60205 1.00000 2.184 3.155 3.260 3.919 3.921 4.410 4.428
 6  0.2080  1.5170 0.0E+00 2.60380 1.00000 2.196 3.166 3.290 3.898 3.889 4.327 4.364
 7  0.2110  1.5170 0.0E+00 2.62642 1.00000 2.180 3.149 3.271 3.892 3.875 4.312 4.326
 8  0.2140  1.5170 0.0E+00 2.64403 1.00000 2.170 3.136 3.241 3.887 3.858 4.306 4.294
 9  0.2620  1.4820 0.0E+00 2.62346 1.00000 2.147 3.089 3.164 3.722 3.671 3.985 3.969
10  0.2670  1.4790 0.0E+00 2.59537 1.00000 2.150 3.083 3.150 3.670 3.614 3.901 3.907
11  0.2770  1.4750 0.0E+00 2.58355 1.00000 2.114 3.028 3.058 3.581 3.517 3.809 3.810
12  0.2950  1.4680 0.0E+00 2.52475 1.00000 2.080 2.950 2.921 3.384 3.307 3.565 3.590
13  0.3030  1.4650 0.0E+00 2.49898 1.00000 2.064 2.909 2.851 3.281 3.197 3.438 3.472
14  0.3100  1.4650 0.0E+00 2.48515 1.00000 2.051 2.877 2.797 3.207 3.116 3.347 3.382
15  0.3160  1.4670 0.0E+00 2.47597 1.00000 2.038 2.849 2.749 3.143 3.045 3.269 3.305
16  0.3330  1.4620 0.0E+00 2.44655 1.00000 2.014 2.780 2.631 2.960 2.846 3.032 3.076
17  0.4290  1.4490 0.0E+00 2.59173 1.00000 2.042 2.668 2.479 2.542 2.386 2.335 2.290
18  0.6310  1.4420 8.9E-09 3.02878 1.00000 2.143 2.701 2.631 2.485 2.190 1.809 1.453
19  0.9730  1.4340 1.1E-06 2.27824 0.99999 1.980 2.345 2.046 1.579 1.071 0.663 0.363
20  1.2700  1.4310 6.6E-06 1.51440 0.99993 1.806 1.940 1.405 0.880 0.453 0.219 0.088
21  1.4480  1.4550 7.1E-05 1.30044 0.99919 1.697 1.693 1.079 0.598 0.261 0.110 0.037
22  1.7670  1.4490 4.6E-04 0.81948 0.99209 1.528 1.359 0.687 0.307 0.103 0.033 0.009
23  2.0390  1.4380 1.1E-03 0.54405 0.97353 1.371 1.139 0.481 0.179 0.050 0.013 0.002
24  2.3090  1.4190 1.9E-03 0.35597 0.94121 1.200 0.968 0.352 0.110 0.026 0.006 0.001
25  2.7480  1.3670 2.6E-02 0.22888 0.57516 0.923 0.770 0.233 0.055 0.010 0.002 0.000
26  3.4040  1.3500 1.7E-01 0.41641 0.16211 0.636 0.625 0.145 0.024 0.003 0.000 0.000
27  5.3620  1.4330 2.1E-01 0.27196 0.08234 0.278 0.523 0.054 0.004 0.000 0.000 0.000
Volc250K90  0.4218  0.2177  1.8615   250.0    90.0
 5  0.2020  1.5080 0.0E+00 2.60933 1.00000 2.192 3.170 3.293 3.944 3.953 4.415 4.454
 6  0.2080  1.5080 0.0E+00 2.62830 1.00000 2.191 3.170 3.282 3.938 3.931 4.391 4.404
 7  0.2110  1.5080 0.0E+00 2.61543 1.00000 2.205 3.182 3.311 3.920 3.914 4.331 4.363
 8  0.2140  1.5080 0.0E+00 2.62943 1.00000 2.196 3.170 3.298 3.910 3.898 4.311 4.328
 9  0.2620  1.4740 0.0E+00 2.61175 1.00000 2.149 3.095 3.175 3.720 3.667 3.966 3.964
10  0.2670  1.4710 0.0E+00 2.60388 1.00000 2.136 3.071 3.129 3.669 3.621 3.919 3.939
11  0.2770  1.4670 0.0E+00 2.56204 1.00000 2.121 3.032 3.065 3.567 3.512 3.787 3.808
12  0.2950  1.4600 0.0E+00 2.50835 1.00000 2.084 2.949 2.919 3.362 3.291 3.537 3.577
13  0.3030  1.4570 0.0E+00 2.48361 1.00000 2.068 2.909 2.848 3.257 3.178 3.405 3.453
14  0.3100  1.4570 0.0E+00 2.46897 1.00000 2.056 2.879 2.796 3.181 3.095 3.309 3.359
15  0.3160  1.4580 0.0E+00 2.46149 1.00000 2.042 2.850 2.747 3.118 3.022 3.230 3.277
16  0.3330  1.4540 0.0E+00 2.43583 1.00000 2.024 2.787 2.639 2.941 2.831 2.997 3.051
17  0.4290  1.4410 0.0E+00 2.61220 1.00000 2.065 2.701 2.533 2.583 2.428 2.360 2.307
18  0.6310  1.4340 8.9E-09 3.02012 1.00000 2.159 2.727 2.671 2.524 2.225 1.837 1.474
19  0.9730  1.4260 1.1E-06 2.22622 0.99999 1.986 2.357 2.060 1.590 1.078 0.668 0.367
20  1.2700  1.4210 6.6E-06 1.45488 0.99993 1.812 1.949 1.412 0.885 0.456 0.220 0.089
21  1.4480  1.4380 7.1E-05 1.21348 0.99913 1.705 1.706 1.087 0.602 0.263 0.110 0.037
22  1.7670  1.4310 4.6E-04 0.75531 0.99147 1.532 1.368 0.691 0.309 0.104 0.033 0.009
23  2.0390  1.4200 1.1E-03 0.49945 0.97146 1.369 1.142 0.484 0.180 0.050 0.013 0.002
24  2.3090  1.4020 1.9E-03 0.32771 0.93710 1.194 0.967 0.354 0.110 0.026 0.006 0.001
25  2.7480  1.3530 2.6E-02 0.21677 0.56062 0.917 0.768 0.233 0.055 0.010 0.002 0.000
26  3.4040  1.3350 1.6E-01 0.39807 0.15666 0.632 0.623 0.145 0.024 0.003 0.000 0.000
27  5.3620  1.4160 2.0E-01 0.26088 0.07960 0.276 0.523 0.054 0.004 0.000 0.000 0.000
Volc280K90  0.4218  0.2177  1.8306   280.0    90.0
 5  0.2020  1.5000 0.0E+00 2.60899 1.00000 2.207 3.197 3.344 3.973 3.981 4.408 4.462
 6  0.2080  1.5000 0.0E+00 2.62519 1.00000 2.203 3.185 3.311 3.949 3.945 4.377 4.396
 7  0.2110  1.5000 0.0E+00 2.64099 1.00000 2.194 3.177 3.298 3.946 3.929 4.364 4.363
 8  0.2140  1.5000 0.0E+00 2.63665 1.00000 2.201 3.184 3.313 3.940 3.926 4.340 4.354
 9  0.2620  1.4660 0.0E+00 2.59543 1.00000 2.156 3.101 3.180 3.710 3.673 3.959 3.990
10  0.2670  1.4630 0.0E+00 2.58537 1.00000 2.136 3.069 3.132 3.666 3.625 3.914 3.929
11  0.2770  1.4580 0.0E+00 2.54667 1.00000 2.122 3.033 3.062 3.551 3.504 3.767 3.807
12  0.2950  1.4510 0.0E+00 2.49002 1.00000 2.088 2.950 2.917 3.336 3.272 3.499 3.555
13  0.3030  1.4480 0.0E+00 2.46671 1.00000 2.072 2.911 2.848 3.230 3.155 3.364 3.428
14  0.3100  1.4480 0.0E+00 2.45572 1.00000 2.061 2.880 2.796 3.156 3.073 3.269 3.334
15  0.3160  1.4500 0.0E+00 2.44754 1.00000 2.051 2.854 2.751 3.093 3.002 3.190 3.252
16  0.3330  1.4460 0.0E+00 2.42877 1.00000 2.035 2.794 2.650 2.924 2.816 2.962 3.024
17  0.4290  1.4330 0.0E+00 2.63347 1.00000 2.090 2.735 2.591 2.627 2.474 2.390 2.329
18  0.6310  1.4250 8.9E-09 3.00784 1.00000 2.175 2.755 2.716 2.567 2.265 1.870 1.496
19  0.9730  1.4180 1.1E-06 2.17178 0.99999 1.994 2.368 2.073 1.602 1.086 0.673 0.369
20  1.2700  1.4110 6.6E-06 1.39618 0.99993 1.818 1.958 1.419 0.889 0.458 0.220 0.089
21  1.4480  1.4200 7.1E-05 1.12309 0.99906 1.713 1.719 1.094 0.606 0.266 0.111 0.038
22  1.7670  1.4130 4.6E-04 0.69295 0.99077 1.534 1.374 0.696 0.310 0.105 0.033 0.009
23  2.0390  1.4030 1.1E-03 0.45908 0.96927 1.367 1.143 0.487 0.180 0.051 0.013 0.002
24  2.3090  1.3850 1.9E-03 0.30007 0.93258 1.188 0.966 0.356 0.110 0.026 0.006 0.001
25  2.7480  1.3390 2.6E-02 0.20546 0.54518 0.912 0.766 0.234 0.055 0.010 0.002 0.000
26  3.4040  1.3200 1.6E-01 0.37873 0.15105 0.627 0.622 0.146 0.024 0.003 0.000 0.000
27  5.3620  1.3990 1.9E-01 0.24900 0.07687 0.273 0.523 0.055 0.004 0.000 0.000 0.000
