FJX_scat-geo.dat v7.5A RRTMG S27 w/ 17:18 = 485nm for GEOMIP, fixed 220K, 75wt%, width=1.25
  15  from Tilmes et al specs for GeoMIP, uses same wavel, nr, ni as FJX_scat-ssa.dat
bin  wavel  nr     ni      Q       pi0      P1    P2    P3    P4    P5    P6    P7
SSA-GeoM:   Reff    Geff    dens     T(K)     wt%   (15 wavels 0.02 to 5.0 microns)
  SSA-GeoM  0.0200  0.0011  1.7463   220.0    75.0
 5  0.2020  1.5120 0.0E+00 0.04791 1.00000 0.353 0.528 0.065 0.004 0.000 0.000 0.000
 6  0.2081  1.5120 0.0E+00 0.04271 1.00000 0.333 0.525 0.061 0.004 0.000 0.000 0.000
 7  0.2111  1.5120 0.0E+00 0.04040 1.00000 0.324 0.523 0.060 0.004 0.000 0.000 0.000
 8  0.2140  1.5120 0.0E+00 0.03832 1.00000 0.315 0.522 0.058 0.003 0.000 0.000 0.000
 9  0.2618  1.4790 0.0E+00 0.01534 1.00000 0.208 0.510 0.039 0.002 0.000 0.000 0.000
10  0.2670  1.4760 0.0E+00 0.01403 1.00000 0.200 0.509 0.038 0.001 0.000 0.000 0.000
11  0.2770  1.4710 0.0E+00 0.01190 1.00000 0.186 0.508 0.035 0.001 0.000 0.000 0.000
12  0.2946  1.4630 0.0E+00 0.00903 1.00000 0.164 0.506 0.031 0.001 0.000 0.000 0.000
13  0.3032  1.4590 0.0E+00 0.00793 1.00000 0.154 0.505 0.030 0.001 0.000 0.000 0.000
14  0.3100  1.4570 0.0E+00 0.00720 1.00000 0.148 0.505 0.028 0.001 0.000 0.000 0.000
15  0.3164  1.4570 0.0E+00 0.00664 1.00000 0.142 0.505 0.027 0.001 0.000 0.000 0.000
16  0.3332  1.4570 0.0E+00 0.00540 1.00000 0.128 0.504 0.025 0.001 0.000 0.000 0.000
17  0.4290  1.4450 0.0E+00 0.00188 1.00000 0.077 0.501 0.015 0.000 0.000 0.000 0.000
18  0.6308  1.4380 1.9E-08 0.00039 0.99998 0.036 0.500 0.007 0.000 0.000 0.000 0.000
19  0.9733  1.4310 1.4E-06 0.00007 0.99445 0.015 0.500 0.003 0.000 0.000 0.000 0.000
20  1.2695  1.4240 8.2E-06 0.00002 0.92901 0.009 0.500 0.002 0.000 0.000 0.000 0.000
21  1.4475  1.4390 8.8E-05 0.00003 0.46806 0.007 0.500 0.001 0.000 0.000 0.000 0.000
22  1.7668  1.4310 4.9E-04 0.00008 0.07706 0.005 0.500 0.001 0.000 0.000 0.000 0.000
23  2.0394  1.4190 1.3E-03 0.00017 0.01893 0.003 0.500 0.001 0.000 0.000 0.000 0.000
24  2.3091  1.3980 2.2E-03 0.00026 0.00718 0.003 0.500 0.001 0.000 0.000 0.000 0.000
25  2.7483  1.3300 4.4E-02 0.00452 0.00015 0.002 0.500 0.000 0.000 0.000 0.000 0.000
26  3.4040  1.3620 1.8E-01 0.01438 0.00003 0.001 0.500 0.000 0.000 0.000 0.000 0.000
27  5.3615  1.4150 2.2E-01 0.01098 0.00001 0.000 0.500 0.000 0.000 0.000 0.000 0.000
  SSA-GeoM  0.0400  0.0043  1.7463   220.0    75.0
 5  0.2020  1.5120 0.0E+00 0.52375 1.00000 1.309 0.902 0.293 0.072 0.012 0.002 0.000
 6  0.2081  1.5120 0.0E+00 0.47863 1.00000 1.253 0.865 0.272 0.063 0.010 0.001 0.000
 7  0.2111  1.5120 0.0E+00 0.45816 1.00000 1.226 0.848 0.262 0.059 0.009 0.001 0.000
 8  0.2140  1.5120 0.0E+00 0.43936 1.00000 1.200 0.833 0.254 0.056 0.009 0.001 0.000
 9  0.2618  1.4790 0.0E+00 0.20175 1.00000 0.820 0.655 0.160 0.024 0.003 0.000 0.000
10  0.2670  1.4760 0.0E+00 0.18661 1.00000 0.788 0.643 0.153 0.022 0.002 0.000 0.000
11  0.2770  1.4710 0.0E+00 0.16147 1.00000 0.731 0.623 0.142 0.019 0.002 0.000 0.000
12  0.2946  1.4630 0.0E+00 0.12632 1.00000 0.644 0.596 0.124 0.015 0.001 0.000 0.000
13  0.3032  1.4590 0.0E+00 0.11230 1.00000 0.607 0.585 0.117 0.013 0.001 0.000 0.000
14  0.3100  1.4570 0.0E+00 0.10295 1.00000 0.580 0.578 0.112 0.012 0.001 0.000 0.000
15  0.3164  1.4570 0.0E+00 0.09573 1.00000 0.557 0.572 0.107 0.011 0.001 0.000 0.000
16  0.3332  1.4570 0.0E+00 0.07943 1.00000 0.503 0.558 0.097 0.009 0.001 0.000 0.000
17  0.4290  1.4450 0.0E+00 0.02917 1.00000 0.303 0.521 0.059 0.003 0.000 0.000 0.000
18  0.6308  1.4380 1.9E-08 0.00622 1.00000 0.141 0.505 0.028 0.001 0.000 0.000 0.000
19  0.9733  1.4310 1.4E-06 0.00107 0.99928 0.060 0.501 0.012 0.000 0.000 0.000 0.000
20  1.2695  1.4240 8.2E-06 0.00036 0.99039 0.035 0.500 0.007 0.000 0.000 0.000 0.000
21  1.4475  1.4390 8.8E-05 0.00026 0.87427 0.027 0.500 0.005 0.000 0.000 0.000 0.000
22  1.7668  1.4310 4.9E-04 0.00025 0.39847 0.018 0.500 0.004 0.000 0.000 0.000 0.000
23  2.0394  1.4190 1.3E-03 0.00040 0.13302 0.014 0.500 0.003 0.000 0.000 0.000 0.000
24  2.3091  1.3980 2.2E-03 0.00054 0.05446 0.011 0.500 0.002 0.000 0.000 0.000 0.000
25  2.7483  1.3300 4.4E-02 0.00907 0.00117 0.007 0.500 0.002 0.000 0.000 0.000 0.000
26  3.4040  1.3620 1.8E-01 0.02882 0.00023 0.005 0.500 0.001 0.000 0.000 0.000 0.000
27  5.3615  1.4150 2.2E-01 0.02198 0.00006 0.002 0.500 0.000 0.000 0.000 0.000 0.000
  SSA-GeoM  0.0800  0.0173  1.7463   220.0    75.0
 5  0.2020  1.5120 0.0E+00 2.60279 1.00000 2.067 2.210 1.683 1.037 0.504 0.231 0.078
 6  0.2081  1.5120 0.0E+00 2.48866 1.00000 2.050 2.148 1.591 0.952 0.442 0.195 0.063
 7  0.2111  1.5120 0.0E+00 2.43366 1.00000 2.041 2.117 1.547 0.912 0.414 0.180 0.056
 8  0.2140  1.5120 0.0E+00 2.38124 1.00000 2.033 2.088 1.505 0.875 0.389 0.166 0.051
 9  0.2618  1.4790 0.0E+00 1.44052 1.00000 1.906 1.674 0.941 0.439 0.143 0.044 0.010
10  0.2670  1.4760 0.0E+00 1.36204 1.00000 1.890 1.634 0.895 0.407 0.129 0.038 0.009
11  0.2770  1.4710 0.0E+00 1.22557 1.00000 1.857 1.559 0.812 0.353 0.106 0.029 0.006
12  0.2946  1.4630 0.0E+00 1.01931 1.00000 1.793 1.436 0.690 0.275 0.076 0.019 0.004
13  0.3032  1.4590 0.0E+00 0.93084 1.00000 1.758 1.380 0.639 0.245 0.065 0.015 0.003
14  0.3100  1.4570 0.0E+00 0.87098 1.00000 1.729 1.337 0.602 0.223 0.057 0.013 0.002
15  0.3164  1.4570 0.0E+00 0.82541 1.00000 1.701 1.298 0.569 0.205 0.051 0.011 0.002
16  0.3332  1.4570 0.0E+00 0.71809 1.00000 1.625 1.201 0.495 0.165 0.038 0.007 0.001
17  0.4290  1.4450 0.0E+00 0.32698 1.00000 1.156 0.822 0.258 0.056 0.009 0.001 0.000
18  0.6308  1.4380 1.9E-08 0.08909 1.00000 0.555 0.572 0.109 0.012 0.001 0.000 0.000
19  0.9733  1.4310 1.4E-06 0.01683 0.99990 0.235 0.513 0.046 0.002 0.000 0.000 0.000
20  1.2695  1.4240 8.2E-06 0.00573 0.99871 0.139 0.504 0.027 0.001 0.000 0.000 0.000
21  1.4475  1.4390 8.8E-05 0.00368 0.98146 0.108 0.503 0.021 0.000 0.000 0.000 0.000
22  1.7668  1.4310 4.9E-04 0.00189 0.83678 0.072 0.501 0.014 0.000 0.000 0.000 0.000
23  2.0394  1.4190 1.3E-03 0.00155 0.54490 0.054 0.501 0.011 0.000 0.000 0.000 0.000
24  2.3091  1.3980 2.2E-03 0.00151 0.31126 0.042 0.500 0.008 0.000 0.000 0.000 0.000
25  2.7483  1.3300 4.4E-02 0.01849 0.00918 0.029 0.500 0.006 0.000 0.000 0.000 0.000
26  3.4040  1.3620 1.8E-01 0.05817 0.00180 0.019 0.500 0.004 0.000 0.000 0.000 0.000
27  5.3615  1.4150 2.2E-01 0.04413 0.00051 0.008 0.500 0.002 0.000 0.000 0.000 0.000
  SSA-GeoM  0.1000  0.0271  1.7463   220.0    75.0
 5  0.2020  1.5120 0.0E+00 3.38648 1.00000 2.162 2.603 2.321 1.757 1.151 0.671 0.321
 6  0.2081  1.5120 0.0E+00 3.29564 1.00000 2.154 2.560 2.245 1.658 1.049 0.594 0.271
 7  0.2111  1.5120 0.0E+00 3.24985 1.00000 2.149 2.538 2.208 1.610 1.001 0.559 0.250
 8  0.2140  1.5120 0.0E+00 3.20504 1.00000 2.145 2.517 2.171 1.564 0.957 0.527 0.230
 9  0.2618  1.4790 0.0E+00 2.21799 1.00000 2.074 2.170 1.590 0.945 0.433 0.187 0.060
10  0.2670  1.4760 0.0E+00 2.12301 1.00000 2.063 2.130 1.529 0.891 0.396 0.166 0.052
11  0.2770  1.4710 0.0E+00 1.95337 1.00000 2.041 2.053 1.415 0.793 0.334 0.133 0.040
12  0.2946  1.4630 0.0E+00 1.68438 1.00000 2.001 1.921 1.231 0.645 0.247 0.090 0.025
13  0.3032  1.4590 0.0E+00 1.56347 1.00000 1.981 1.859 1.149 0.583 0.214 0.074 0.019
14  0.3100  1.4570 0.0E+00 1.48017 1.00000 1.964 1.810 1.088 0.538 0.191 0.064 0.016
15  0.3164  1.4570 0.0E+00 1.41657 1.00000 1.946 1.764 1.033 0.499 0.172 0.055 0.014
16  0.3332  1.4570 0.0E+00 1.26207 1.00000 1.899 1.650 0.903 0.410 0.131 0.039 0.009
17  0.4290  1.4450 0.0E+00 0.62595 1.00000 1.574 1.149 0.459 0.146 0.032 0.006 0.001
18  0.6308  1.4380 1.9E-08 0.19037 1.00000 0.859 0.674 0.176 0.029 0.003 0.000 0.000
19  0.9733  1.4310 1.4E-06 0.03978 0.99994 0.365 0.531 0.071 0.005 0.000 0.000 0.000
20  1.2695  1.4240 8.2E-06 0.01382 0.99930 0.215 0.511 0.042 0.002 0.000 0.000 0.000
21  1.4475  1.4390 8.8E-05 0.00887 0.99005 0.167 0.506 0.033 0.001 0.000 0.000 0.000
22  1.7668  1.4310 4.9E-04 0.00424 0.90710 0.113 0.503 0.022 0.000 0.000 0.000 0.000
23  2.0394  1.4190 1.3E-03 0.00296 0.69652 0.084 0.502 0.017 0.000 0.000 0.000 0.000
24  2.3091  1.3980 2.2E-03 0.00246 0.46519 0.065 0.501 0.013 0.000 0.000 0.000 0.000
25  2.7483  1.3300 4.4E-02 0.02348 0.01759 0.045 0.500 0.009 0.000 0.000 0.000 0.000
26  3.4040  1.3620 1.8E-01 0.07322 0.00348 0.029 0.500 0.006 0.000 0.000 0.000 0.000
27  5.3615  1.4150 2.2E-01 0.05533 0.00099 0.012 0.500 0.002 0.000 0.000 0.000 0.000
  SSA-GeoM  0.1400  0.0530  1.7463   220.0    75.0
 5  0.2020  1.5120 0.0E+00 3.76743 1.00000 2.145 2.837 2.791 2.641 2.263 1.772 1.312
 6  0.2081  1.5120 0.0E+00 3.79279 1.00000 2.156 2.837 2.784 2.595 2.189 1.674 1.202
 7  0.2111  1.5120 0.0E+00 3.80095 1.00000 2.160 2.835 2.778 2.570 2.151 1.626 1.150
 8  0.2140  1.5120 0.0E+00 3.80551 1.00000 2.164 2.832 2.771 2.545 2.112 1.579 1.100
 9  0.2618  1.4790 0.0E+00 3.39411 1.00000 2.227 2.768 2.577 2.074 1.462 0.913 0.491
10  0.2670  1.4760 0.0E+00 3.31755 1.00000 2.227 2.749 2.537 2.011 1.390 0.851 0.445
11  0.2770  1.4710 0.0E+00 3.16774 1.00000 2.223 2.707 2.453 1.889 1.254 0.741 0.368
12  0.2946  1.4630 0.0E+00 2.89668 1.00000 2.209 2.623 2.293 1.677 1.036 0.574 0.260
13  0.3032  1.4590 0.0E+00 2.76163 1.00000 2.201 2.578 2.211 1.577 0.939 0.505 0.219
14  0.3100  1.4570 0.0E+00 2.66482 1.00000 2.192 2.540 2.145 1.500 0.868 0.455 0.191
15  0.3164  1.4570 0.0E+00 2.59004 1.00000 2.181 2.501 2.080 1.427 0.804 0.412 0.168
16  0.3332  1.4570 0.0E+00 2.39962 1.00000 2.152 2.398 1.913 1.250 0.657 0.317 0.119
17  0.4290  1.4450 0.0E+00 1.44223 1.00000 1.980 1.845 1.123 0.562 0.204 0.069 0.018
18  0.6308  1.4380 1.9E-08 0.52753 1.00000 1.485 1.065 0.404 0.119 0.024 0.004 0.001
19  0.9733  1.4310 1.4E-06 0.13362 0.99997 0.709 0.618 0.142 0.019 0.002 0.000 0.000
20  1.2695  1.4240 8.2E-06 0.05027 0.99971 0.418 0.541 0.082 0.007 0.000 0.000 0.000
21  1.4475  1.4390 8.8E-05 0.03286 0.99595 0.325 0.524 0.063 0.004 0.000 0.000 0.000
22  1.7668  1.4310 4.9E-04 0.01516 0.96156 0.219 0.511 0.043 0.002 0.000 0.000 0.000
23  2.0394  1.4190 1.3E-03 0.00917 0.85684 0.164 0.506 0.032 0.001 0.000 0.000 0.000
24  2.3091  1.3980 2.2E-03 0.00627 0.69647 0.127 0.504 0.025 0.001 0.000 0.000 0.000
25  2.7483  1.3300 4.4E-02 0.03450 0.04558 0.087 0.502 0.018 0.000 0.000 0.000 0.000
26  3.4040  1.3620 1.8E-01 0.10447 0.00932 0.058 0.501 0.012 0.000 0.000 0.000 0.000
27  5.3615  1.4150 2.2E-01 0.07812 0.00270 0.024 0.500 0.005 0.000 0.000 0.000 0.000
  SSA-GeoM  0.2000  0.1082  1.7463   220.0    75.0
 5  0.2020  1.5120 0.0E+00 2.80965 1.00000 1.881 2.578 2.345 2.610 2.460 2.474 2.373
 6  0.2081  1.5120 0.0E+00 2.90248 1.00000 1.907 2.606 2.399 2.629 2.472 2.437 2.307
 7  0.2111  1.5120 0.0E+00 2.94991 1.00000 1.920 2.621 2.427 2.640 2.479 2.421 2.275
 8  0.2140  1.5120 0.0E+00 2.99380 1.00000 1.932 2.635 2.453 2.651 2.486 2.405 2.244
 9  0.2618  1.4790 0.0E+00 3.68771 1.00000 2.192 2.950 2.979 2.915 2.612 2.170 1.744
10  0.2670  1.4760 0.0E+00 3.71779 1.00000 2.209 2.966 3.002 2.914 2.589 2.122 1.675
11  0.2770  1.4710 0.0E+00 3.75012 1.00000 2.234 2.987 3.027 2.893 2.527 2.018 1.539
12  0.2946  1.4630 0.0E+00 3.73764 1.00000 2.265 3.002 3.030 2.816 2.379 1.815 1.302
13  0.3032  1.4590 0.0E+00 3.70329 1.00000 2.277 3.002 3.018 2.765 2.295 1.713 1.191
14  0.3100  1.4570 0.0E+00 3.66959 1.00000 2.282 2.995 2.998 2.716 2.222 1.629 1.105
15  0.3164  1.4570 0.0E+00 3.63976 1.00000 2.282 2.982 2.968 2.660 2.146 1.548 1.027
16  0.3332  1.4570 0.0E+00 3.54383 1.00000 2.279 2.941 2.881 2.506 1.947 1.345 0.840
17  0.4290  1.4450 0.0E+00 2.68127 1.00000 2.220 2.616 2.259 1.625 0.977 0.529 0.234
18  0.6308  1.4380 1.9E-08 1.31399 1.00000 1.958 1.784 1.046 0.506 0.176 0.056 0.014
19  0.9733  1.4310 1.4E-06 0.40861 0.99999 1.336 0.945 0.332 0.086 0.016 0.002 0.000
20  1.2695  1.4240 8.2E-06 0.17480 0.99986 0.842 0.668 0.174 0.028 0.003 0.000 0.000
21  1.4475  1.4390 8.8E-05 0.12102 0.99823 0.658 0.601 0.130 0.016 0.001 0.000 0.000
22  1.7668  1.4310 4.9E-04 0.05805 0.98424 0.442 0.545 0.086 0.007 0.000 0.000 0.000
23  2.0394  1.4190 1.3E-03 0.03358 0.93970 0.331 0.525 0.065 0.004 0.000 0.000 0.000
24  2.3091  1.3980 2.2E-03 0.02063 0.85987 0.257 0.515 0.051 0.003 0.000 0.000 0.000
25  2.7483  1.3300 4.4E-02 0.05515 0.11576 0.177 0.508 0.037 0.001 0.000 0.000 0.000
26  3.4040  1.3620 1.8E-01 0.15550 0.02562 0.117 0.503 0.024 0.001 0.000 0.000 0.000
27  5.3615  1.4150 2.2E-01 0.11366 0.00771 0.048 0.501 0.010 0.000 0.000 0.000 0.000
  SSA-GeoM  0.3000  0.2435  1.7463   220.0    75.0
 5  0.2020  1.5120 0.0E+00 2.38664 1.00000 1.971 2.906 2.869 3.653 3.627 4.124 4.092
 6  0.2081  1.5120 0.0E+00 2.36699 1.00000 1.945 2.858 2.784 3.534 3.491 3.963 3.945
 7  0.2111  1.5120 0.0E+00 2.36528 1.00000 1.926 2.825 2.731 3.474 3.424 3.891 3.868
 8  0.2140  1.5120 0.0E+00 2.36277 1.00000 1.910 2.797 2.680 3.416 3.358 3.820 3.795
 9  0.2618  1.4790 0.0E+00 2.56709 1.00000 1.894 2.624 2.395 2.720 2.623 2.743 2.778
10  0.2670  1.4760 0.0E+00 2.62954 1.00000 1.916 2.646 2.437 2.730 2.632 2.715 2.737
11  0.2770  1.4710 0.0E+00 2.75717 1.00000 1.961 2.698 2.535 2.777 2.676 2.693 2.679
12  0.2946  1.4630 0.0E+00 2.99580 1.00000 2.045 2.807 2.734 2.905 2.792 2.701 2.609
13  0.3032  1.4590 0.0E+00 3.11282 1.00000 2.086 2.862 2.831 2.975 2.853 2.713 2.578
14  0.3100  1.4570 0.0E+00 3.19518 1.00000 2.112 2.897 2.893 3.019 2.887 2.713 2.545
15  0.3164  1.4570 0.0E+00 3.25861 1.00000 2.129 2.918 2.930 3.041 2.899 2.697 2.501
16  0.3332  1.4570 0.0E+00 3.40885 1.00000 2.167 2.964 3.010 3.082 2.909 2.639 2.372
17  0.4290  1.4450 0.0E+00 3.70980 1.00000 2.300 3.072 3.144 2.958 2.536 1.974 1.450
18  0.6308  1.4380 1.9E-08 2.69428 1.00000 2.237 2.662 2.330 1.706 1.049 0.580 0.264
19  0.9733  1.4310 1.4E-06 1.19481 0.99999 1.935 1.725 0.975 0.455 0.152 0.046 0.011
20  1.2695  1.4240 8.2E-06 0.58750 0.99993 1.591 1.175 0.480 0.155 0.035 0.007 0.001
21  1.4475  1.4390 8.8E-05 0.43558 0.99911 1.357 0.958 0.338 0.089 0.016 0.002 0.000
22  1.7668  1.4310 4.9E-04 0.23088 0.99308 0.973 0.726 0.207 0.038 0.005 0.001 0.000
23  2.0394  1.4190 1.3E-03 0.13949 0.97521 0.736 0.628 0.150 0.021 0.002 0.000 0.000
24  2.3091  1.3980 2.2E-03 0.08505 0.94310 0.570 0.577 0.115 0.013 0.001 0.000 0.000
25  2.7483  1.3300 4.4E-02 0.10779 0.27431 0.394 0.537 0.083 0.007 0.000 0.000 0.000
26  3.4040  1.3620 1.8E-01 0.25639 0.07373 0.263 0.516 0.054 0.003 0.000 0.000 0.000
27  5.3615  1.4150 2.2E-01 0.17842 0.02455 0.109 0.503 0.022 0.000 0.000 0.000 0.000
  SSA-GeoM  0.5000  0.6764  1.7463   220.0    75.0
 5  0.2020  1.5120 0.0E+00 2.33529 1.00000 2.214 3.249 3.394 4.223 4.312 5.026 5.186
 6  0.2081  1.5120 0.0E+00 2.32257 1.00000 2.234 3.271 3.429 4.210 4.297 4.963 5.144
 7  0.2111  1.5120 0.0E+00 2.32968 1.00000 2.227 3.263 3.432 4.201 4.281 4.929 5.096
 8  0.2140  1.5120 0.0E+00 2.35258 1.00000 2.209 3.244 3.407 4.198 4.268 4.920 5.061
 9  0.2618  1.4790 0.0E+00 2.43777 1.00000 2.165 3.228 3.413 4.240 4.329 4.867 4.951
10  0.2670  1.4760 0.0E+00 2.42164 1.00000 2.169 3.228 3.405 4.201 4.295 4.809 4.928
11  0.2770  1.4710 0.0E+00 2.41834 1.00000 2.129 3.173 3.323 4.131 4.229 4.741 4.850
12  0.2946  1.4630 0.0E+00 2.38017 1.00000 2.075 3.078 3.157 3.919 4.011 4.489 4.622
13  0.3032  1.4590 0.0E+00 2.35967 1.00000 2.046 3.022 3.059 3.787 3.870 4.327 4.470
14  0.3100  1.4570 0.0E+00 2.34372 1.00000 2.027 2.980 2.985 3.681 3.753 4.189 4.339
15  0.3164  1.4570 0.0E+00 2.33562 1.00000 2.007 2.942 2.918 3.594 3.653 4.075 4.221
16  0.3332  1.4570 0.0E+00 2.32233 1.00000 1.965 2.849 2.757 3.365 3.393 3.769 3.915
17  0.4290  1.4450 0.0E+00 2.68754 1.00000 2.004 2.770 2.648 2.884 2.812 2.847 2.886
18  0.6308  1.4380 1.9E-08 3.69427 1.00000 2.289 3.114 3.244 3.194 2.903 2.447 1.996
19  0.9733  1.4310 1.4E-06 2.90583 0.99999 2.278 2.802 2.572 2.008 1.345 0.804 0.408
20  1.2695  1.4240 8.2E-06 1.90757 0.99995 2.137 2.295 1.720 1.053 0.503 0.221 0.077
21  1.4475  1.4390 8.8E-05 1.58192 0.99948 2.030 1.980 1.290 0.688 0.272 0.100 0.028
22  1.7668  1.4310 4.9E-04 0.97723 0.99647 1.847 1.536 0.779 0.326 0.096 0.025 0.005
23  2.0394  1.4190 1.3E-03 0.63883 0.98857 1.651 1.244 0.532 0.181 0.044 0.009 0.001
24  2.3091  1.3980 2.2E-03 0.41070 0.97603 1.421 1.021 0.385 0.108 0.021 0.003 0.000
25  2.7483  1.3300 4.4E-02 0.30274 0.52058 1.054 0.777 0.255 0.054 0.008 0.001 0.000
26  3.4040  1.3620 1.8E-01 0.52614 0.20486 0.727 0.625 0.158 0.023 0.002 0.000 0.000
27  5.3615  1.4150 2.2E-01 0.33969 0.09157 0.302 0.521 0.060 0.004 0.000 0.000 0.000
  SSA-GeoM  0.7500  1.5219  1.7463   220.0    75.0
 5  0.2020  1.5120 0.0E+00 2.25834 1.00000 2.272 3.374 3.595 4.554 4.753 5.658 5.954
 6  0.2081  1.5120 0.0E+00 2.25368 1.00000 2.278 3.376 3.600 4.531 4.739 5.624 5.933
 7  0.2111  1.5120 0.0E+00 2.25832 1.00000 2.274 3.371 3.591 4.524 4.728 5.610 5.911
 8  0.2140  1.5120 0.0E+00 2.25796 1.00000 2.275 3.369 3.591 4.513 4.717 5.589 5.895
 9  0.2618  1.4790 0.0E+00 2.31256 1.00000 2.259 3.341 3.554 4.392 4.557 5.268 5.557
10  0.2670  1.4760 0.0E+00 2.30226 1.00000 2.274 3.355 3.572 4.376 4.536 5.218 5.514
11  0.2770  1.4710 0.0E+00 2.31487 1.00000 2.270 3.351 3.575 4.367 4.512 5.158 5.429
12  0.2946  1.4630 0.0E+00 2.33845 1.00000 2.269 3.357 3.593 4.368 4.504 5.096 5.338
13  0.3032  1.4590 0.0E+00 2.35166 1.00000 2.268 3.360 3.602 4.378 4.515 5.089 5.316
14  0.3100  1.4570 0.0E+00 2.35614 1.00000 2.271 3.365 3.616 4.383 4.523 5.076 5.299
15  0.3164  1.4570 0.0E+00 2.36964 1.00000 2.261 3.356 3.605 4.386 4.520 5.073 5.276
16  0.3332  1.4570 0.0E+00 2.39229 1.00000 2.248 3.344 3.592 4.381 4.517 5.057 5.245
17  0.4290  1.4450 0.0E+00 2.36619 1.00000 2.093 3.104 3.201 3.937 4.063 4.528 4.712
18  0.6308  1.4380 1.9E-08 2.67047 1.00000 2.017 2.791 2.681 2.915 2.850 2.889 2.939
19  0.9733  1.4310 1.4E-06 3.70699 0.99999 2.315 3.143 3.283 3.202 2.876 2.382 1.896
20  1.2695  1.4240 8.2E-06 3.28917 0.99996 2.328 3.003 2.949 2.540 1.938 1.318 0.803
21  1.4475  1.4390 8.8E-05 3.00055 0.99955 2.271 2.801 2.582 2.029 1.374 0.828 0.426
22  1.7668  1.4310 4.9E-04 2.22573 0.99737 2.182 2.451 1.969 1.299 0.690 0.334 0.129
23  2.0394  1.4190 1.3E-03 1.64671 0.99224 2.093 2.144 1.497 0.852 0.370 0.148 0.046
24  2.3091  1.3980 2.2E-03 1.15692 0.98483 2.001 1.867 1.125 0.555 0.202 0.066 0.017
25  2.7483  1.3300 4.4E-02 0.69647 0.65744 1.822 1.487 0.749 0.294 0.086 0.021 0.004
26  3.4040  1.3620 1.8E-01 0.93787 0.32950 1.452 1.049 0.441 0.132 0.028 0.005 0.001
27  5.3615  1.4150 2.2E-01 0.60803 0.20181 0.678 0.606 0.140 0.019 0.002 0.000 0.000
  SSA-GeoM  1.0000  2.7057  1.7463   220.0    75.0
 5  0.2020  1.5120 0.0E+00 2.20781 1.00000 2.320 3.453 3.718 4.700 4.963 5.943 6.328
 6  0.2081  1.5120 0.0E+00 2.21099 1.00000 2.317 3.448 3.710 4.684 4.944 5.914 6.295
 7  0.2111  1.5120 0.0E+00 2.21388 1.00000 2.315 3.444 3.704 4.680 4.936 5.905 6.282
 8  0.2140  1.5120 0.0E+00 2.21400 1.00000 2.315 3.443 3.702 4.673 4.927 5.890 6.268
 9  0.2618  1.4790 0.0E+00 2.25275 1.00000 2.308 3.436 3.707 4.613 4.860 5.687 6.083
10  0.2670  1.4760 0.0E+00 2.25695 1.00000 2.308 3.435 3.705 4.603 4.849 5.666 6.063
11  0.2770  1.4710 0.0E+00 2.26234 1.00000 2.308 3.433 3.704 4.584 4.827 5.617 6.015
12  0.2946  1.4630 0.0E+00 2.27494 1.00000 2.305 3.425 3.696 4.544 4.778 5.526 5.922
13  0.3032  1.4590 0.0E+00 2.27110 1.00000 2.314 3.431 3.706 4.522 4.761 5.477 5.881
14  0.3100  1.4570 0.0E+00 2.27314 1.00000 2.314 3.430 3.704 4.507 4.741 5.438 5.836
15  0.3164  1.4570 0.0E+00 2.27886 1.00000 2.309 3.421 3.690 4.492 4.716 5.406 5.790
16  0.3332  1.4570 0.0E+00 2.28927 1.00000 2.302 3.406 3.665 4.452 4.657 5.321 5.678
17  0.4290  1.4450 0.0E+00 2.38545 1.00000 2.264 3.374 3.644 4.428 4.588 5.119 5.339
18  0.6308  1.4380 1.9E-08 2.31408 1.00000 2.010 2.924 2.883 3.478 3.548 3.923 4.113
19  0.9733  1.4310 1.4E-06 3.16203 0.99999 2.165 2.989 3.045 3.181 3.080 2.929 2.795
20  1.2695  1.4240 8.2E-06 3.69630 0.99995 2.326 3.171 3.333 3.274 2.967 2.488 2.009
21  1.4475  1.4390 8.8E-05 3.68073 0.99949 2.314 3.087 3.161 2.957 2.518 1.942 1.407
22  1.7668  1.4310 4.9E-04 3.21544 0.99744 2.310 2.939 2.832 2.373 1.747 1.145 0.662
23  2.0394  1.4190 1.3E-03 2.63742 0.99312 2.274 2.747 2.457 1.846 1.173 0.667 0.318
24  2.3091  1.3980 2.2E-03 2.02303 0.98759 2.225 2.533 2.068 1.389 0.755 0.371 0.149
25  2.7483  1.3300 4.4E-02 1.19193 0.72415 2.171 2.220 1.543 0.859 0.376 0.143 0.046
26  3.4040  1.3620 1.8E-01 1.35440 0.40733 1.950 1.694 0.972 0.432 0.145 0.041 0.010
27  5.3615  1.4150 2.2E-01 0.92058 0.29221 1.148 0.816 0.283 0.065 0.010 0.001 0.000
  SSA-GeoM  1.2000  3.8962  1.7463   220.0    75.0
 5  0.2020  1.5120 0.0E+00 2.18055 1.00000 2.345 3.495 3.782 4.775 5.072 6.090 6.524
 6  0.2081  1.5120 0.0E+00 2.18563 1.00000 2.340 3.488 3.772 4.763 5.055 6.067 6.493
 7  0.2111  1.5120 0.0E+00 2.18704 1.00000 2.339 3.485 3.767 4.758 5.047 6.058 6.483
 8  0.2140  1.5120 0.0E+00 2.18992 1.00000 2.336 3.482 3.762 4.753 5.038 6.046 6.467
 9  0.2618  1.4790 0.0E+00 2.21906 1.00000 2.339 3.488 3.789 4.713 4.996 5.869 6.321
10  0.2670  1.4760 0.0E+00 2.22496 1.00000 2.336 3.486 3.786 4.707 4.987 5.850 6.301
11  0.2770  1.4710 0.0E+00 2.22939 1.00000 2.336 3.486 3.789 4.696 4.975 5.815 6.266
12  0.2946  1.4630 0.0E+00 2.24431 1.00000 2.330 3.478 3.781 4.672 4.945 5.753 6.201
13  0.3032  1.4590 0.0E+00 2.24105 1.00000 2.338 3.485 3.794 4.658 4.940 5.721 6.182
14  0.3100  1.4570 0.0E+00 2.24431 1.00000 2.338 3.483 3.791 4.646 4.929 5.696 6.157
15  0.3164  1.4570 0.0E+00 2.24961 1.00000 2.333 3.475 3.778 4.633 4.910 5.675 6.125
16  0.3332  1.4570 0.0E+00 2.25814 1.00000 2.326 3.459 3.753 4.592 4.859 5.606 6.043
17  0.4290  1.4450 0.0E+00 2.31307 1.00000 2.300 3.410 3.681 4.446 4.631 5.226 5.544
18  0.6308  1.4380 1.9E-08 2.39481 1.00000 2.160 3.225 3.411 4.184 4.352 4.845 5.050
19  0.9733  1.4310 1.4E-06 2.61125 0.99998 2.018 2.800 2.689 2.934 2.879 2.941 3.016
20  1.2695  1.4240 8.2E-06 3.43562 0.99993 2.249 3.106 3.247 3.334 3.190 2.926 2.663
21  1.4475  1.4390 8.8E-05 3.64319 0.99937 2.270 3.100 3.230 3.223 2.977 2.573 2.171
22  1.7668  1.4310 4.9E-04 3.62617 0.99720 2.332 3.104 3.179 2.952 2.487 1.894 1.346
23  2.0394  1.4190 1.3E-03 3.23245 0.99306 2.338 3.013 2.960 2.544 1.933 1.311 0.794
24  2.3091  1.3980 2.2E-03 2.65202 0.98826 2.324 2.880 2.672 2.105 1.419 0.854 0.442
25  2.7483  1.3300 4.4E-02 1.59903 0.75348 2.324 2.672 2.217 1.497 0.830 0.404 0.168
26  3.4040  1.3620 1.8E-01 1.65440 0.45036 2.171 2.189 1.527 0.839 0.366 0.136 0.043
27  5.3615  1.4150 2.2E-01 1.17608 0.34475 1.498 1.081 0.464 0.145 0.032 0.006 0.001
  SSA-GeoM  1.4000  5.3031  1.7463   220.0    75.0
 5  0.2020  1.5120 0.0E+00 2.16027 1.00000 2.363 3.525 3.830 4.828 5.150 6.194 6.665
 6  0.2081  1.5120 0.0E+00 2.16744 1.00000 2.356 3.517 3.816 4.820 5.135 6.178 6.635
 7  0.2111  1.5120 0.0E+00 2.16745 1.00000 2.356 3.515 3.815 4.816 5.129 6.169 6.628
 8  0.2140  1.5120 0.0E+00 2.17139 1.00000 2.353 3.511 3.807 4.810 5.119 6.157 6.610
 9  0.2618  1.4790 0.0E+00 2.19564 1.00000 2.360 3.525 3.846 4.783 5.096 6.004 6.503
10  0.2670  1.4760 0.0E+00 2.20164 1.00000 2.357 3.522 3.844 4.778 5.086 5.985 6.483
11  0.2770  1.4710 0.0E+00 2.20498 1.00000 2.359 3.524 3.850 4.770 5.078 5.953 6.454
12  0.2946  1.4630 0.0E+00 2.21819 1.00000 2.354 3.519 3.846 4.753 5.055 5.899 6.394
13  0.3032  1.4590 0.0E+00 2.21728 1.00000 2.359 3.524 3.857 4.746 5.051 5.872 6.374
14  0.3100  1.4570 0.0E+00 2.21940 1.00000 2.359 3.524 3.857 4.736 5.046 5.854 6.357
15  0.3164  1.4570 0.0E+00 2.22459 1.00000 2.354 3.516 3.845 4.727 5.031 5.837 6.330
16  0.3332  1.4570 0.0E+00 2.23202 1.00000 2.347 3.503 3.824 4.694 4.990 5.782 6.261
17  0.4290  1.4450 0.0E+00 2.27906 1.00000 2.320 3.447 3.739 4.534 4.779 5.455 5.866
18  0.6308  1.4380 1.9E-08 2.40376 1.00000 2.250 3.365 3.640 4.432 4.611 5.130 5.349
19  0.9733  1.4310 1.4E-06 2.34259 0.99997 1.971 2.796 2.661 3.081 3.084 3.330 3.501
20  1.2695  1.4240 8.2E-06 2.98264 0.99990 2.136 2.955 2.978 3.142 3.068 2.985 2.929
21  1.4475  1.4390 8.8E-05 3.29794 0.99917 2.181 3.002 3.072 3.180 3.050 2.839 2.638
22  1.7668  1.4310 4.9E-04 3.69158 0.99673 2.310 3.145 3.295 3.243 2.947 2.482 2.019
23  2.0394  1.4190 1.3E-03 3.57963 0.99254 2.357 3.150 3.252 3.033 2.569 1.971 1.412
24  2.3091  1.3980 2.2E-03 3.14859 0.98820 2.377 3.096 3.094 2.708 2.102 1.461 0.914
25  2.7483  1.3300 4.4E-02 1.98402 0.77068 2.428 3.006 2.801 2.176 1.438 0.839 0.428
26  3.4040  1.3620 1.8E-01 1.91217 0.48077 2.314 2.598 2.102 1.364 0.728 0.335 0.132
27  5.3615  1.4150 2.2E-01 1.42075 0.38527 1.772 1.401 0.715 0.277 0.078 0.018 0.004
  SSA-GeoM  2.0000 10.8227  1.7463   220.0    75.0
 5  0.2020  1.5120 0.0E+00 2.12778 1.00000 2.391 3.577 3.909 4.924 5.290 6.385 6.917
 6  0.2081  1.5120 0.0E+00 2.13295 1.00000 2.386 3.570 3.899 4.918 5.277 6.372 6.894
 7  0.2111  1.5120 0.0E+00 2.13209 1.00000 2.387 3.570 3.899 4.915 5.275 6.366 6.889
 8  0.2140  1.5120 0.0E+00 2.13527 1.00000 2.384 3.566 3.893 4.911 5.268 6.359 6.876
 9  0.2618  1.4790 0.0E+00 2.15377 1.00000 2.397 3.592 3.952 4.911 5.278 6.249 6.833
10  0.2670  1.4760 0.0E+00 2.15797 1.00000 2.396 3.591 3.952 4.908 5.271 6.233 6.817
11  0.2770  1.4710 0.0E+00 2.16156 1.00000 2.397 3.594 3.960 4.905 5.270 6.211 6.802
12  0.2946  1.4630 0.0E+00 2.16732 1.00000 2.400 3.598 3.971 4.898 5.266 6.174 6.773
13  0.3032  1.4590 0.0E+00 2.17041 1.00000 2.401 3.599 3.977 4.895 5.261 6.154 6.755
14  0.3100  1.4570 0.0E+00 2.17233 1.00000 2.401 3.600 3.979 4.890 5.258 6.140 6.744
15  0.3164  1.4570 0.0E+00 2.17592 1.00000 2.398 3.595 3.970 4.883 5.247 6.128 6.723
16  0.3332  1.4570 0.0E+00 2.17974 1.00000 2.394 3.587 3.958 4.863 5.219 6.088 6.672
17  0.4290  1.4450 0.0E+00 2.21836 1.00000 2.371 3.549 3.904 4.771 5.102 5.889 6.421
18  0.6308  1.4380 1.9E-08 2.28044 1.00000 2.328 3.456 3.757 4.526 4.768 5.406 5.813
19  0.9733  1.4310 1.4E-06 2.40661 0.99996 2.212 3.313 3.561 4.348 4.543 5.048 5.275
20  1.2695  1.4240 8.2E-06 2.30431 0.99982 2.012 2.904 2.845 3.363 3.426 3.754 3.961
21  1.4475  1.4390 8.8E-05 2.36928 0.99831 1.953 2.757 2.598 2.999 2.982 3.207 3.360
22  1.7668  1.4310 4.9E-04 2.85545 0.99379 2.090 2.887 2.860 3.047 2.980 2.943 2.931
23  2.0394  1.4190 1.3E-03 3.35687 0.98828 2.253 3.116 3.269 3.377 3.260 3.033 2.808
24  2.3091  1.3980 2.2E-03 3.62401 0.98485 2.378 3.288 3.544 3.573 3.354 2.952 2.522
25  2.7483  1.3300 4.4E-02 2.83953 0.78439 2.581 3.550 3.895 3.771 3.315 2.666 1.981
26  3.4040  1.3620 1.8E-01 2.42401 0.52451 2.544 3.362 3.471 3.057 2.367 1.630 1.008
27  5.3615  1.4150 2.2E-01 2.02016 0.46264 2.218 2.337 1.746 1.032 0.493 0.201 0.069
  SSA-GeoM  3.0000 24.3511  1.7463   220.0    75.0
 5  0.2020  1.5120 0.0E+00 2.09968 1.00000 2.415 3.618 3.974 4.996 5.400 6.532 7.116
 6  0.2081  1.5120 0.0E+00 2.10150 1.00000 2.413 3.615 3.969 4.990 5.391 6.520 7.101
 7  0.2111  1.5120 0.0E+00 2.10160 1.00000 2.413 3.615 3.969 4.988 5.389 6.516 7.096
 8  0.2140  1.5120 0.0E+00 2.10226 1.00000 2.413 3.614 3.968 4.987 5.387 6.514 7.092
 9  0.2618  1.4790 0.0E+00 2.11797 1.00000 2.428 3.646 4.040 5.007 5.422 6.436 7.095
10  0.2670  1.4760 0.0E+00 2.12021 1.00000 2.429 3.648 4.044 5.007 5.420 6.423 7.084
11  0.2770  1.4710 0.0E+00 2.12243 1.00000 2.431 3.653 4.055 5.009 5.425 6.410 7.082
12  0.2946  1.4630 0.0E+00 2.12717 1.00000 2.435 3.660 4.072 5.011 5.431 6.388 7.071
13  0.3032  1.4590 0.0E+00 2.12908 1.00000 2.437 3.663 4.081 5.011 5.433 6.374 7.064
14  0.3100  1.4570 0.0E+00 2.13210 1.00000 2.436 3.663 4.081 5.010 5.430 6.364 7.052
15  0.3164  1.4570 0.0E+00 2.13379 1.00000 2.434 3.660 4.076 5.005 5.423 6.356 7.041
16  0.3332  1.4570 0.0E+00 2.13667 1.00000 2.432 3.655 4.068 4.992 5.407 6.332 7.009
17  0.4290  1.4450 0.0E+00 2.16400 1.00000 2.419 3.634 4.043 4.939 5.335 6.197 6.843
18  0.6308  1.4380 1.9E-08 2.21368 1.00000 2.382 3.568 3.939 4.793 5.139 5.910 6.463
19  0.9733  1.4310 1.4E-06 2.28719 0.99994 2.331 3.462 3.771 4.524 4.763 5.367 5.760
20  1.2695  1.4240 8.2E-06 2.38755 0.99973 2.280 3.414 3.722 4.499 4.709 5.223 5.483
21  1.4475  1.4390 8.8E-05 2.41264 0.99748 2.219 3.321 3.573 4.370 4.551 5.064 5.274
22  1.7668  1.4310 4.9E-04 2.32866 0.98840 2.074 3.046 3.102 3.757 3.889 4.310 4.527
23  2.0394  1.4190 1.3E-03 2.34467 0.97448 2.018 2.855 2.775 3.170 3.206 3.445 3.634
24  2.3091  1.3980 2.2E-03 2.65684 0.96852 2.140 2.975 3.006 3.217 3.206 3.246 3.316
25  2.7483  1.3300 4.4E-02 3.10631 0.74113 2.633 3.795 4.481 4.841 4.938 4.816 4.534
26  3.4040  1.3620 1.8E-01 2.64092 0.52577 2.685 3.892 4.605 4.887 4.803 4.416 3.820
27  5.3615  1.4150 2.2E-01 2.54164 0.50801 2.503 3.257 3.299 2.833 2.128 1.412 0.836
  SSA-GeoM  4.9964 67.5982  1.7463   220.0    75.0
 5  0.2020  1.5120 0.0E+00 2.07037 1.00000 2.438 3.656 4.034 5.049 5.490 6.645 7.283
 6  0.2081  1.5120 0.0E+00 2.07184 1.00000 2.437 3.654 4.031 5.046 5.485 6.639 7.275
 7  0.2111  1.5120 0.0E+00 2.07250 1.00000 2.437 3.653 4.030 5.045 5.483 6.637 7.271
 8  0.2140  1.5120 0.0E+00 2.07311 1.00000 2.436 3.653 4.029 5.044 5.482 6.635 7.268
 9  0.2618  1.4790 0.0E+00 2.08419 1.00000 2.456 3.693 4.116 5.080 5.539 6.582 7.310
10  0.2670  1.4760 0.0E+00 2.08473 1.00000 2.459 3.697 4.125 5.083 5.544 6.576 7.312
11  0.2770  1.4710 0.0E+00 2.08690 1.00000 2.461 3.703 4.137 5.087 5.551 6.567 7.313
12  0.2946  1.4630 0.0E+00 2.09074 1.00000 2.465 3.712 4.157 5.095 5.563 6.552 7.313
13  0.3032  1.4590 0.0E+00 2.09240 1.00000 2.467 3.717 4.168 5.099 5.571 6.545 7.314
14  0.3100  1.4570 0.0E+00 2.09388 1.00000 2.468 3.718 4.172 5.100 5.572 6.540 7.311
15  0.3164  1.4570 0.0E+00 2.09483 1.00000 2.467 3.717 4.170 5.097 5.568 6.535 7.303
16  0.3332  1.4570 0.0E+00 2.09841 1.00000 2.464 3.712 4.162 5.091 5.557 6.522 7.282
17  0.4290  1.4450 0.0E+00 2.11671 1.00000 2.460 3.707 4.162 5.071 5.529 6.443 7.192
18  0.6308  1.4380 1.9E-08 2.15105 1.00000 2.437 3.667 4.102 4.990 5.414 6.271 6.960
19  0.9733  1.4310 1.4E-06 2.20332 0.99991 2.398 3.598 3.993 4.841 5.211 5.980 6.566
20  1.2695  1.4240 8.2E-06 2.24620 0.99953 2.369 3.542 3.906 4.700 5.036 5.725 6.246
21  1.4475  1.4390 8.8E-05 2.26680 0.99574 2.341 3.482 3.802 4.597 4.879 5.563 6.016
22  1.7668  1.4310 4.9E-04 2.31172 0.98137 2.335 3.465 3.794 4.546 4.779 5.351 5.701
23  2.0394  1.4190 1.3E-03 2.37487 0.95980 2.331 3.481 3.861 4.640 4.913 5.441 5.747
24  2.3091  1.3980 2.2E-03 2.38125 0.94331 2.289 3.425 3.794 4.558 4.896 5.415 5.752
25  2.7483  1.3300 4.4E-02 2.40045 0.58120 2.628 3.881 4.779 5.546 6.192 6.761 7.224
26  3.4040  1.3620 1.8E-01 2.43749 0.48833 2.782 4.293 5.511 6.467 7.178 7.653 7.902
27  5.3615  1.4150 2.2E-01 2.61154 0.49863 2.679 3.928 4.725 5.126 5.176 4.917 4.418
